Syntax version=4
Fri Jan 09 09:50:04 2015
Starting process (3579545 clocks per sec)

LogRawData=false
VarHeader=1
D:		sSCKeyInfo[1].Channel.TouchFilter.RawValue	sSCKeyInfo[1].Channel.TouchFilter.IdleValue	sSCKeyInfo[1].Channel.TouchFilter.TouchValue	sSCKeyInfo[1].Channel.Reference
D:	time(ms)	(0x7d,2)	(0x7f,2)	(0x95,2)	(0x9a,2)
D:	0.21	1744	1745	1745	1746
D:	95.67	1747	1745	1745	1746
D:	191.65	1746	1745	1745	1746
D:	479.69	1745	1745	1745	1746
D:	495.67	1745	1745	1745	1746
D:	575.64	1746	1745	1745	1746
D:	671.64	1747	1745	1745	1746
D:	767.63	1746	1745	1745	1746
D:	867.65	1747	1745	1745	1746
D:	963.66	1746	1745	1745	1745
D:	1059.65	1748	1746	1746	1745
D:	1155.67	1746	1746	1746	1745
D:	1171.66	1746	1746	1746	1745
D:	1347.65	1744	1746	1746	1745
D:	1443.67	1746	1746	1746	1745
D:	1459.66	1746	1746	1746	1745
D:	1539.63	1747	1746	1746	1745
D:	1731.64	1745	1746	1746	1745
D:	1747.63	1745	1746	1746	1745
D:	2023.63	1747	1746	1746	1745
D:	2119.63	1748	1747	1747	1746
D:	2135.66	1748	1747	1747	1746
D:	2215.65	1747	1747	1747	1746
D:	2311.65	1745	1747	1747	1746
D:	2407.63	1747	1747	1747	1746
D:	2423.67	1747	1747	1747	1746
D:	2599.64	1746	1747	1747	1746
D:	2695.63	1745	1747	1747	1746
D:	2711.66	1745	1747	1747	1746
D:	2891.66	1746	1747	1747	1746
D:	3083.64	1745	1747	1747	1746
D:	3099.68	1745	1747	1747	1746
D:	3179.65	1747	1747	1747	1746
D:	3275.65	1746	1747	1747	1746
D:	3371.63	1747	1747	1747	1746
D:	3387.66	1747	1747	1747	1746
D:	3563.64	1746	1747	1747	1746
D:	3659.63	1745	1747	1747	1746
D:	3675.67	1745	1747	1747	1746
D:	3839.65	1746	1747	1747	1746
D:	4127.63	1745	1747	1747	1746
D:	4143.67	1745	1747	1747	1746
D:	4223.66	1744	1746	1746	1746
D:	4319.63	1746	1746	1746	1746
D:	4607.66	1745	1746	1746	1746
D:	4703.63	1747	1746	1746	1746
D:	4719.68	1747	1746	1746	1746
D:	4799.69	1745	1746	1746	1746
D:	4899.64	1748	1746	1746	1746
D:	4995.63	1746	1746	1746	1746
D:	5091.63	1748	1746	1746	1746
D:	5107.69	1748	1746	1746	1746
D:	5187.68	1745	1746	1746	1746
D:	5203.65	1745	1746	1746	1746
D:	5283.64	1745	1745	1745	1746
D:	5379.74	1747	1745	1745	1746
D:	5571.66	1745	1745	1745	1746
D:	5959.66	1746	1745	1745	1746
D:	6055.64	1745	1745	1745	1746
D:	6343.68	1746	1746	1746	1746
D:	6535.67	1745	1746	1746	1746
D:	6631.63	1746	1746	1746	1746
D:	6827.66	1748	1746	1746	1746
D:	6843.66	1748	1746	1746	1746
D:	6923.65	1747	1746	1746	1746
D:	7115.64	1745	1746	1746	1746
D:	7211.63	1746	1746	1746	1746
D:	7307.63	1747	1746	1746	1746
D:	7403.68	1747	1747	1747	1746
D:	7419.66	1747	1747	1747	1746
D:	7499.65	1746	1747	1747	1746
D:	7691.65	1745	1747	1747	1746
D:	7787.64	1746	1747	1747	1746
D:	7871.64	1747	1747	1747	1746
D:	7967.63	1742	1747	1747	1746
D:	8063.64	1738	1747	1747	1746
D:	8079.67	1738	1747	1747	1746
D:	8159.65	1734	1747	1747	1746
D:	8255.64	1727	1747	1727	1745
D:	8351.67	1710	1747	1710	1745
D:	8447.63	1693	1746	1693	1745
D:	8639.64	1694	1746	1694	1745
D:	8655.68	1694	1746	1694	1745
D:	8735.66	1693	1746	1693	1745
D:	8819.66	1691	1746	1691	1745
D:	8915.73	1695	1746	1695	1745
D:	9011.64	1692	1746	1692	1745
D:	9107.66	1693	1746	1693	1745
D:	9203.64	1694	1746	1694	1745
D:	9299.63	1695	1746	1695	1745
D:	9395.64	1692	1746	1692	1745
D:	9411.67	1692	1746	1692	1745
D:	9475.63	1694	1745	1694	1745
D:	9491.70	1694	1745	1694	1745
D:	9571.66	1696	1745	1696	1745
D:	9587.68	1696	1745	1696	1745
D:	9667.65	1691	1745	1691	1745
D:	9763.66	1694	1745	1694	1745
D:	9847.65	1691	1745	1691	1745
D:	9943.74	1695	1745	1695	1745
D:	10023.64	1693	1745	1693	1745
D:	10119.63	1694	1745	1694	1745
D:	10215.64	1693	1745	1693	1745
D:	10295.63	1694	1745	1694	1745
D:	10487.63	1691	1745	1691	1745
D:	10503.69	1691	1745	1691	1745
D:	10583.65	1697	1744	1697	1745
D:	10663.66	1690	1744	1690	1745
D:	10679.65	1690	1744	1690	1745
D:	10759.63	1696	1744	1696	1745
D:	10775.65	1696	1744	1696	1745
D:	10843.64	1691	1744	1691	1745
D:	10859.63	1691	1744	1691	1745
D:	10939.65	1695	1744	1695	1745
D:	11035.66	1694	1744	1694	1745
D:	11115.67	1692	1744	1692	1745
D:	11211.64	1694	1744	1694	1745
D:	11307.62	1692	1744	1692	1745
D:	11387.64	1695	1744	1695	1745
D:	11483.63	1691	1744	1691	1745
D:	11579.63	1696	1744	1696	1745
D:	11659.62	1691	1743	1691	1745
D:	11755.63	1696	1743	1696	1745
D:	11855.63	1690	1743	1690	1745
D:	11935.63	1694	1743	1694	1745
D:	12031.63	1692	1743	1692	1745
D:	12127.63	1695	1743	1695	1745
D:	12143.69	1695	1743	1695	1745
D:	12207.63	1694	1743	1694	1745
D:	12303.63	1693	1743	1693	1745
D:	12399.64	1695	1743	1695	1745
D:	12415.67	1695	1743	1695	1745
D:	12479.63	1691	1743	1691	1745
D:	12495.67	1691	1743	1691	1745
D:	12575.64	1696	1743	1696	1745
D:	12671.65	1690	1743	1690	1745
D:	12751.64	1696	1742	1696	1745
D:	12767.66	1696	1742	1696	1745
D:	12851.65	1690	1742	1690	1745
D:	12931.64	1690	1742	1695	1745
D:	12947.67	1695	1742	1695	1745
D:	13027.67	1692	1742	1692	1745
D:	13043.66	1692	1742	1692	1745
D:	13219.64	1693	1742	1693	1745
D:	13235.67	1693	1742	1693	1745
D:	13299.63	1692	1742	1692	1745
D:	13315.69	1692	1742	1692	1745
D:	13395.68	1695	1742	1695	1745
D:	13411.67	1695	1742	1695	1745
D:	13491.63	1691	1742	1691	1745
D:	13507.68	1691	1742	1691	1745
D:	13571.63	1696	1742	1696	1745
D:	13667.64	1690	1742	1690	1745
D:	13763.64	1696	1742	1696	1745
D:	13847.63	1692	1741	1692	1745
D:	13943.63	1695	1741	1695	1745
D:	14023.63	1692	1741	1692	1745
D:	14119.63	1693	1741	1693	1745
D:	14215.63	1694	1741	1694	1745
D:	14295.63	1692	1741	1692	1745
D:	14391.63	1694	1741	1694	1745
D:	14487.62	1692	1741	1692	1745
D:	14583.61	1696	1741	1696	1745
D:	14663.63	1690	1741	1690	1745
D:	14759.64	1696	1741	1696	1745
D:	14843.64	1692	1741	1692	1745
D:	14939.64	1694	1740	1694	1745
D:	15035.66	1693	1740	1693	1745
D:	15115.63	1694	1740	1694	1745
D:	15211.65	1692	1740	1692	1745
D:	15387.67	1695	1740	1695	1745
D:	15403.66	1695	1740	1695	1745
D:	15483.63	1689	1740	1689	1745
D:	15499.68	1689	1740	1689	1745
D:	15579.63	1696	1740	1696	1745
D:	15595.69	1696	1740	1696	1745
D:	15659.63	1690	1740	1690	1745
D:	15755.63	1694	1740	1694	1745
D:	15855.63	1691	1740	1691	1745
D:	15935.68	1694	1740	1694	1745
D:	16031.75	1692	1739	1692	1745
D:	16127.64	1693	1739	1693	1745
D:	16207.68	1694	1739	1694	1745
D:	16223.66	1694	1739	1694	1745
D:	16303.64	1693	1739	1693	1745
D:	16319.66	1693	1739	1693	1745
D:	16399.63	1695	1739	1695	1745
D:	16479.63	1697	1739	1697	1745
D:	16671.63	1690	1739	1690	1745
D:	16751.74	1695	1739	1695	1745
D:	16851.64	1692	1739	1692	1745
D:	16947.64	1693	1739	1693	1745
D:	17027.63	1692	1739	1692	1745
D:	17043.66	1692	1739	1692	1745
D:	17123.63	1693	1738	1693	1745
D:	17139.67	1693	1738	1693	1745
D:	17395.64	1695	1738	1695	1745
D:	17491.63	1689	1738	1689	1745
D:	17571.71	1695	1738	1695	1745
D:	17667.64	1691	1738	1691	1745
D:	17763.65	1695	1738	1695	1745
D:	17847.64	1692	1738	1692	1745
D:	17863.65	1692	1738	1692	1745
D:	17943.62	1694	1738	1694	1745
D:	17959.67	1694	1738	1694	1745
D:	18023.63	1694	1738	1689	1745
D:	18039.63	1689	1738	1689	1745
D:	18119.61	1694	1738	1694	1745
D:	18215.63	1693	1737	1693	1745
D:	18311.64	1695	1737	1695	1745
D:	18487.65	1691	1737	1691	1745
D:	18583.65	1697	1737	1697	1745
D:	18663.63	1691	1737	1691	1745
D:	18679.67	1691	1737	1691	1745
D:	18759.64	1694	1737	1694	1745
D:	18843.63	1692	1737	1692	1745
D:	18939.63	1693	1737	1693	1745
D:	19035.62	1695	1737	1695	1745
D:	19115.67	1694	1737	1694	1745
D:	19211.66	1695	1737	1695	1745
D:	19307.66	1691	1736	1691	1745
D:	19403.66	1698	1736	1698	1745
D:	19483.63	1690	1736	1690	1745
D:	19579.63	1696	1736	1696	1745
D:	19675.64	1692	1736	1692	1745
D:	19755.63	1694	1736	1694	1745
D:	19951.64	1692	1736	1692	1745
D:	20047.66	1697	1736	1697	1745
D:	20127.63	1695	1736	1695	1745
D:	20143.68	1695	1736	1695	1745
D:	20223.63	1691	1736	1691	1745
D:	20319.63	1694	1735	1694	1745
D:	20415.63	1695	1735	1695	1745
D:	20511.63	1691	1735	1691	1745
D:	20607.63	1695	1735	1695	1745
D:	20703.63	1697	1735	1697	1745
D:	20783.65	1691	1735	1691	1745
D:	20883.66	1694	1735	1694	1745
D:	20979.71	1696	1735	1696	1745
D:	21064.66	1691	1735	1691	1745
D:	21160.66	1692	1735	1692	1745
D:	21176.66	1692	1735	1692	1745
D:	21256.64	1695	1735	1695	1745
D:	21272.66	1695	1735	1695	1745
D:	21352.65	1695	1734	1695	1745
D:	21448.63	1691	1734	1691	1745
D:	21544.63	1694	1734	1694	1745
D:	21720.63	1691	1734	1691	1745
D:	21820.62	1694	1734	1694	1745
D:	21913.65	1695	1734	1695	1745
D:	22009.68	1691	1734	1691	1745
D:	22105.64	1694	1734	1694	1745
D:	22201.65	1697	1734	1697	1745
D:	22297.65	1692	1734	1692	1745
D:	22377.64	1694	1733	1694	1745
D:	22473.64	1696	1733	1696	1745
D:	22569.62	1692	1733	1692	1745
D:	22665.64	1691	1733	1691	1745
D:	22761.63	1695	1733	1695	1745
D:	22845.63	1694	1733	1694	1745
D:	22941.63	1691	1733	1691	1745
D:	23037.66	1695	1733	1695	1745
D:	23229.66	1691	1733	1691	1745
D:	23325.67	1694	1733	1694	1745
D:	23421.66	1695	1732	1695	1745
D:	23501.63	1691	1732	1691	1745
D:	23597.64	1693	1732	1693	1745
D:	23693.65	1697	1732	1697	1745
D:	23789.63	1692	1732	1692	1745
D:	23889.63	1693	1732	1693	1745
D:	23969.64	1693	1732	1692	1745
D:	23985.64	1692	1732	1692	1745
D:	24065.65	1694	1732	1694	1745
D:	24161.68	1692	1732	1692	1745
D:	24257.64	1695	1732	1695	1745
D:	24449.65	1692	1731	1692	1745
D:	24545.68	1696	1731	1696	1745
D:	24561.66	1696	1731	1696	1745
D:	24625.66	1692	1731	1692	1745
D:	24721.64	1690	1731	1690	1745
D:	24821.64	1695	1731	1695	1745
D:	25013.63	1692	1731	1692	1745
D:	25109.64	1694	1731	1694	1745
D:	25189.68	1697	1731	1697	1745
D:	25285.64	1692	1731	1692	1745
D:	25381.65	1694	1731	1694	1745
D:	25477.64	1696	1730	1696	1745
D:	25669.63	1694	1730	1694	1745
D:	25685.67	1694	1730	1694	1745
D:	25765.63	1698	1730	1698	1745
D:	25781.69	1698	1730	1698	1745
D:	25849.63	1715	1730	1715	1745
D:	25945.63	1734	1730	1730	1745
D:	26041.63	1742	1730	1730	1745
D:	26137.63	1745	1730	1730	1745
D:	26233.64	1744	1730	1730	1745
D:	26329.64	1742	1730	1730	1745
D:	26425.65	1743	1730	1730	1745
D:	26521.67	1744	1730	1730	1745
D:	26617.64	1931	1730	1730	1745
D:	26729.66	2221	1730	1730	1745
D:	26845.64	2274	1730	1730	1745
D:	26941.64	1909	1730	1730	1745
D:	27053.63	2219	1730	1730	1745
D:	27165.64	2137	1730	1730	1745
D:	27389.64	2245	1730	1730	1745
D:	27501.64	2160	1730	1730	1745
D:	27613.63	2170	1730	1730	1745
D:	27629.68	2170	1730	1730	1745
D:	27725.67	2208	1730	1730	1745
D:	27841.66	2216	1730	1730	1745
D:	27953.70	2224	1730	1730	1744
D:	28065.65	2192	1730	1730	1743
D:	28177.64	2132	1730	1730	1743
D:	28273.64	2190	1730	1730	1743
D:	28289.65	2190	1730	1730	1742
D:	28385.64	2151	1730	1730	1742
D:	28497.63	2186	1730	1730	1741
D:	28609.64	2189	1730	1730	1741
D:	28721.64	2200	1730	1730	1740
D:	28837.64	2193	1730	1730	1740
D:	28853.68	2193	1730	1730	1740
D:	28949.64	2217	1730	1730	1739
D:	28965.66	2217	1730	1730	1739
D:	29045.64	1749	1730	1730	1739
D:	29061.67	1749	1730	1730	1739
D:	29141.63	1744	1730	1730	1738
D:	29237.64	1746	1730	1730	1738
D:	29333.64	1745	1730	1730	1738
D:	29429.64	1744	1730	1730	1738
D:	29525.63	1742	1730	1730	1738
D:	29621.63	1744	1730	1730	1738
D:	29717.64	1744	1730	1730	1737
D:	29817.64	1745	1745	1745	1737
D:	29913.64	1744	1744	1744	1738
D:	30009.67	1742	1744	1744	1738
D:	30201.65	1746	1744	1744	1738
D:	30297.65	1745	1744	1744	1739
D:	30393.65	1744	1744	1744	1739
D:	30489.68	1743	1744	1744	1739
D:	30505.66	1743	1744	1744	1739
D:	30681.63	1744	1744	1744	1739
D:	30877.64	1744	1744	1744	1740
D:	30973.63	1742	1743	1743	1740
D:	31069.63	1743	1743	1743	1740
D:	31165.61	1745	1743	1743	1740
D:	31357.64	1743	1743	1743	1740
D:	31453.65	1742	1743	1743	1740
D:	31549.72	1743	1743	1743	1740
D:	31645.64	1744	1743	1743	1740
D:	31825.64	1743	1743	1743	1740
D:	31841.69	1743	1743	1743	1740
D:	31921.63	1743	1743	1743	1741
D:	31937.69	1743	1743	1743	1741
D:	32113.63	1744	1743	1743	1741
D:	32305.63	1743	1743	1743	1741
D:	32401.62	1742	1743	1743	1741
D:	32497.62	1744	1743	1743	1741
D:	32785.65	1743	1743	1743	1741
D:	32981.64	1744	1743	1743	1741
D:	33077.65	1744	1744	1744	1741
D:	33269.67	1743	1744	1744	1741
D:	33557.63	1744	1744	1744	1741
D:	33669.63	2163	1744	1744	1742
D:	33685.66	2163	1744	1744	1742
D:	33781.67	2194	1744	1744	1742
D:	33897.64	2214	1744	1744	1742
D:	34009.68	2207	1744	1744	1742
D:	34121.65	2206	1744	1744	1742
D:	34233.63	2182	1744	1744	1742
D:	34345.63	2175	1744	1744	1742
D:	34457.63	2201	1744	1744	1742
D:	34569.63	2170	1744	1744	1742
D:	34681.63	2249	1744	1744	1742
D:	34793.63	2199	1744	1744	1742
D:	34813.69	2199	1744	1744	1742
D:	34893.64	2196	1744	1744	1742
D:	34909.68	2196	1744	1744	1742
D:	35005.67	2154	1744	1744	1742
D:	35021.67	2154	1744	1744	1742
D:	35117.65	2088	1744	1744	1742
D:	35229.65	2021	1744	1744	1742
D:	35325.65	1872	1744	1744	1742
D:	35421.67	1860	1744	1744	1742
D:	35437.66	1860	1744	1744	1742
D:	35517.65	1816	1744	1744	1742
D:	35533.66	1816	1744	1744	1742
D:	35613.64	1768	1744	1744	1742
D:	35629.74	1768	1744	1744	1742
D:	35709.64	1778	1744	1744	1742
D:	35809.64	1784	1744	1744	1742
D:	35905.64	1766	1744	1744	1742
D:	36001.63	1761	1744	1744	1742
D:	36097.62	1747	1744	1744	1742
D:	36289.64	1747	1744	1744	1743
D:	36385.66	1746	1744	1744	1743
D:	36577.67	1747	1744	1744	1743
D:	36673.67	1748	1744	1744	1743
D:	36769.66	1748	1748	1748	1743
D:	36869.66	1746	1747	1747	1743
D:	36965.66	1744	1747	1747	1743
D:	37061.68	1737	1747	1747	1743
D:	37077.66	1737	1747	1747	1743
D:	37157.64	1715	1747	1747	1743
D:	37173.67	1715	1747	1747	1743
D:	37253.64	1713	1747	1713	1742
D:	37269.68	1713	1747	1713	1742
D:	37445.64	1730	1747	1730	1741
D:	37541.64	1740	1747	1740	1741
D:	37637.62	1743	1747	1743	1741
D:	37733.64	1741	1747	1741	1741
D:	37833.63	1740	1747	1740	1741
D:	37929.63	1741	1746	1741	1741
D:	38025.64	1742	1746	1742	1741
D:	38121.65	1746	1746	1746	1742
D:	38217.69	1741	1746	1746	1742
D:	38313.66	1739	1746	1746	1742
D:	38409.66	1741	1746	1746	1742
D:	38489.63	1738	1746	1746	1742
D:	38505.71	1738	1746	1746	1742
D:	38601.68	1745	1746	1746	1742
D:	38697.66	1738	1746	1746	1742
D:	38713.69	1738	1746	1746	1742
D:	38793.64	1735	1746	1746	1742
D:	38813.68	1735	1746	1746	1742
D:	38877.64	1742	1746	1742	1742
D:	38973.64	1743	1745	1743	1742
D:	39069.63	1742	1745	1742	1742
D:	39165.64	1741	1745	1741	1742
D:	39357.64	1742	1745	1742	1742
D:	39742.65	1741	1745	1741	1742
D:	39842.65	1742	1745	1742	1742
D:	40034.67	1741	1744	1741	1742
D:	40050.67	1741	1744	1741	1742
D:	40322.64	1742	1744	1742	1742
D:	40513.63	1741	1744	1741	1742
D:	40609.63	2006	1744	1744	1742
D:	40721.64	2246	1744	1744	1742
D:	40840.07	2254	1744	1744	1742
D:	40951.89	2282	1744	1744	1742
D:	40967.64	2282	1744	1744	1742
D:	41063.65	2247	1744	1744	1742
D:	41191.69	2312	1744	1744	1742
D:	41303.64	2294	1744	1744	1742
D:	41415.64	2332	1744	1744	1742
D:	41527.63	2242	1744	1744	1742
D:	41639.63	2352	1744	1744	1742
D:	41767.63	2298	1744	1744	1742
D:	41783.70	2298	1744	1744	1742
D:	41867.63	2283	1744	1744	1742
D:	41883.69	2283	1744	1744	1742
D:	41995.67	2277	1744	1744	1742
D:	42107.65	2212	1744	1744	1742
D:	42219.68	2288	1744	1744	1742
D:	42331.64	2291	1744	1744	1742
D:	42443.63	2278	1744	1744	1742
D:	42555.63	2264	1744	1744	1742
D:	42667.63	2273	1744	1744	1742
D:	42795.64	2295	1744	1744	1742
D:	42815.69	2295	1744	1744	1742
D:	42911.68	2231	1744	1744	1743
D:	43007.67	2040	1744	1744	1743
D:	43023.69	2040	1744	1744	1743
D:	43103.64	1741	1744	1744	1743
D:	43119.67	1741	1744	1744	1743
D:	43199.63	1741	1743	1743	1743
D:	43295.64	1743	1743	1743	1743
D:	43391.63	1742	1743	1743	1743
D:	43487.63	1741	1743	1743	1743
D:	43583.63	1740	1743	1743	1743
D:	43775.63	1742	1743	1743	1743
D:	43875.64	1741	1743	1743	1743
D:	43971.64	1742	1743	1743	1743
D:	44067.66	1739	1743	1743	1743
D:	44163.69	1740	1743	1743	1743
D:	44259.66	1741	1742	1742	1743
D:	44355.67	1742	1742	1742	1743
D:	44451.67	1742	1742	1742	1742
D:	44547.68	1739	1742	1742	1742
D:	44563.68	1739	1742	1742	1742
D:	44643.63	1740	1742	1742	1742
D:	44659.69	1740	1742	1742	1742
D:	44739.63	1743	1742	1742	1742
D:	44755.67	1743	1742	1742	1742
D:	44839.64	1742	1742	1742	1742
D:	45031.63	1740	1742	1742	1742
D:	45127.64	1741	1742	1742	1742
D:	45223.63	1744	1742	1742	1742
D:	45319.63	1744	1743	1743	1742
D:	45415.63	1742	1743	1743	1742
D:	45511.63	1740	1743	1743	1742
D:	45607.65	1741	1743	1743	1742
D:	45703.67	1743	1743	1743	1742
D:	45799.67	1742	1743	1743	1742
D:	45883.67	1741	1743	1743	1742
D:	45979.64	1740	1743	1743	1742
D:	45995.67	1740	1743	1743	1742
D:	46075.63	1741	1743	1743	1742
D:	46091.68	1741	1743	1743	1742
D:	46171.63	1742	1743	1743	1742
D:	46267.63	1741	1743	1743	1742
D:	46363.63	1741	1742	1742	1742
D:	46459.64	1740	1742	1742	1742
D:	46651.63	1742	1742	1742	1742
D:	46747.63	1743	1742	1742	1742
D:	46847.64	1742	1742	1742	1742
D:	46943.64	1740	1742	1742	1742
D:	47039.67	1742	1742	1742	1742
D:	47327.67	1740	1742	1742	1742
D:	47423.68	1740	1741	1741	1742
D:	47519.68	1742	1741	1741	1742
D:	47535.69	1742	1741	1741	1742
D:	47631.68	2103	1741	1741	1742
D:	47743.66	2331	1741	1741	1742
D:	47859.68	2255	1741	1741	1742
D:	47971.64	2325	1741	1741	1742
D:	48083.64	2281	1741	1741	1742
D:	48195.63	2193	1741	1741	1742
D:	48307.64	2310	1741	1741	1742
D:	48419.64	2229	1741	1741	1742
D:	48547.67	2243	1741	1741	1742
D:	48659.65	2244	1741	1741	1742
D:	48771.64	2305	1741	1741	1742
D:	48887.66	2299	1741	1741	1742
D:	48999.65	2306	1741	1741	1742
D:	49111.64	2234	1741	1741	1742
D:	49223.64	2247	1741	1741	1742
D:	49351.64	2302	1741	1741	1742
D:	49367.71	2302	1741	1741	1742
D:	49463.63	2299	1741	1741	1742
D:	49479.68	2299	1741	1741	1742
D:	49575.69	2286	1741	1741	1742
D:	49591.65	2286	1741	1741	1742
D:	49687.65	2246	1741	1741	1742
D:	49799.65	2241	1741	1741	1741
D:	49915.65	2278	1741	1741	1741
D:	50027.64	1923	1741	1741	1741
D:	50123.65	1743	1741	1741	1741
D:	50219.67	1742	1741	1741	1741
D:	50315.71	1741	1741	1741	1741
D:	50411.66	1740	1740	1740	1741
D:	50507.66	1738	1740	1740	1741
D:	50587.63	1741	1740	1740	1741
D:	50603.68	1741	1740	1740	1741
D:	50699.68	1740	1740	1740	1741
D:	50715.65	1740	1740	1740	1741
D:	50779.64	1741	1740	1740	1741
D:	50975.64	1742	1740	1740	1741
D:	51071.64	1743	1740	1740	1741
D:	51167.63	1742	1740	1740	1741
D:	51359.64	1739	1740	1740	1741
D:	51455.63	1742	1741	1741	1741
D:	51551.66	1741	1741	1741	1741
D:	51647.71	1742	1741	1741	1741
D:	51743.66	1740	1741	1741	1741
D:	51843.66	1741	1741	1741	1741
D:	51939.65	1742	1741	1741	1741
D:	52035.66	1744	1741	1741	1741
D:	52131.67	1742	1741	1741	1741
D:	52147.67	1742	1741	1741	1741
D:	52227.64	1740	1741	1741	1741
D:	52243.67	1740	1741	1741	1741
D:	52419.64	1741	1741	1741	1741
D:	52515.64	1742	1742	1742	1741
D:	52707.64	1739	1742	1742	1741
D:	52807.64	1741	1742	1742	1741
D:	52903.64	1742	1742	1742	1741
D:	52999.64	1737	1742	1742	1741
D:	53095.64	1747	1742	1742	1741
D:	53191.68	1740	1742	1742	1741
D:	53287.69	1744	1742	1742	1741
D:	53383.65	1741	1742	1742	1741
D:	53463.67	1746	1742	1742	1741
D:	53479.69	1746	1742	1742	1741
D:	53559.64	1745	1743	1743	1741
D:	53575.67	1745	1743	1743	1741
D:	53655.64	1746	1743	1743	1741
D:	54139.64	1745	1743	1743	1741
D:	54331.64	1746	1743	1743	1741
D:	54523.69	1745	1743	1743	1741
D:	54619.65	1760	1743	1743	1741
D:	54715.65	1758	1743	1743	1741
D:	54815.65	1765	1743	1743	1742
D:	54911.66	1745	1743	1743	1742
D:	55007.67	1756	1743	1743	1742
D:	55103.64	1752	1743	1743	1742
D:	55119.68	1752	1743	1743	1742
D:	55199.64	1754	1743	1743	1742
D:	55215.68	1754	1743	1743	1742
D:	55295.64	1752	1743	1743	1742
D:	55391.64	1756	1743	1743	1742
D:	55487.64	1760	1743	1743	1742
D:	55583.63	1751	1743	1743	1742
D:	55679.64	1754	1743	1743	1742
D:	55775.64	1756	1743	1743	1742
D:	55875.64	1751	1743	1743	1742
D:	55971.64	1753	1743	1743	1742
D:	56067.66	1750	1743	1743	1742
D:	56163.69	1759	1743	1743	1742
D:	56259.65	1754	1743	1743	1742
D:	56355.65	1753	1743	1743	1742
D:	56451.67	1754	1743	1743	1742
D:	56739.64	1751	1743	1743	1742
D:	56755.68	1751	1743	1743	1742
D:	56839.64	1754	1743	1743	1742
D:	56855.69	1754	1743	1743	1742
D:	56935.64	1755	1743	1743	1742
D:	57031.64	1747	1743	1743	1742
D:	57127.63	1745	1743	1743	1742
D:	57319.64	1746	1743	1743	1742
D:	57511.64	1745	1743	1743	1742
D:	57607.65	1744	1743	1743	1742
D:	57703.68	1745	1745	1745	1742
D:	57799.68	1746	1746	1746	1742
D:	57899.66	1748	1746	1746	1742
D:	57995.65	1747	1746	1746	1742
D:	58091.67	1745	1746	1746	1742
D:	58283.65	1746	1746	1746	1742
D:	58299.68	1746	1746	1746	1742
D:	58379.64	1748	1746	1746	1742
D:	58395.70	1748	1746	1746	1742
D:	58475.64	1747	1746	1746	1742
D:	58571.64	1745	1746	1746	1743
D:	58763.64	1746	1746	1746	1743
D:	58943.64	1747	1746	1746	1743
D:	59039.67	1745	1746	1746	1743
D:	59231.67	1747	1746	1746	1743
D:	59327.65	1746	1746	1746	1743
D:	59519.69	1745	1746	1746	1743
D:	59535.66	1745	1746	1746	1743
D:	59615.65	1746	1746	1746	1743
D:	59631.67	1746	1746	1746	1743
D:	59811.64	1747	1746	1746	1743
D:	59907.62	1747	1747	1747	1743
D:	60003.64	1744	1747	1747	1744
D:	60099.62	1745	1747	1747	1744
D:	60195.64	1747	1747	1747	1744
D:	60291.63	1748	1747	1747	1744
D:	60387.64	1746	1747	1747	1744
D:	60579.65	1744	1747	1747	1744
D:	60675.69	1745	1747	1747	1744
D:	60771.65	1746	1747	1747	1744
D:	60871.64	1747	1747	1747	1744
D:	60967.65	1745	1746	1746	1744
D:	61255.64	1747	1746	1746	1744
D:	61271.71	1747	1746	1746	1744
D:	61351.64	1746	1746	1746	1744
D:	61367.67	1746	1746	1746	1744
D:	61639.64	1775	1746	1746	1744
D:	61735.64	1772	1746	1746	1744
D:	61835.64	1777	1746	1746	1744
D:	61931.64	1768	1746	1746	1744
D:	62027.64	1772	1746	1746	1745
D:	62123.64	1769	1746	1746	1745
D:	62219.67	1759	1746	1746	1745
D:	62315.75	1766	1746	1746	1745
D:	62411.66	1773	1746	1746	1745
D:	62507.67	1774	1746	1746	1745
D:	62603.65	1764	1746	1746	1745
D:	62699.68	1766	1746	1746	1745
D:	62715.67	1766	1746	1746	1745
D:	62795.65	1773	1746	1746	1745
D:	62815.67	1773	1746	1746	1745
D:	62895.64	1770	1746	1746	1745
D:	62911.66	1770	1746	1746	1745
D:	62991.63	1769	1746	1746	1745
D:	63087.64	1773	1746	1746	1745
D:	63183.64	1779	1746	1746	1745
D:	63279.65	1765	1746	1746	1745
D:	63375.64	1768	1746	1746	1745
D:	63471.64	1773	1746	1746	1745
D:	63679.64	1770	1746	1746	1745
D:	63775.64	1768	1746	1746	1745
D:	63859.67	1765	1746	1746	1745
D:	63955.72	1772	1746	1746	1745
D:	64051.65	1745	1746	1746	1745
D:	64147.65	1746	1746	1746	1745
D:	64243.66	1747	1746	1746	1745
D:	64339.69	1746	1746	1746	1745
D:	64355.67	1746	1746	1746	1745
D:	64435.64	1745	1746	1746	1745
D:	64451.66	1745	1746	1746	1745
D:	64627.64	1747	1746	1746	1745
D:	64823.64	1746	1746	1746	1745
D:	64919.64	1745	1746	1746	1745
D:	65015.64	1746	1746	1746	1745
D:	65111.65	1747	1746	1746	1745
D:	65207.65	1746	1746	1746	1745
D:	65399.67	1743	1746	1746	1745
D:	65687.65	1744	1746	1746	1745
D:	65883.67	1741	1746	1746	1745
D:	66075.63	1743	1746	1746	1745
D:	66091.69	1743	1746	1746	1745
D:	66171.64	1742	1746	1746	1745
D:	66187.71	1742	1746	1746	1745
D:	66267.64	1743	1745	1745	1745
D:	66363.64	1741	1745	1745	1745
D:	66459.64	1742	1745	1745	1745
D:	66555.62	1743	1745	1745	1745
D:	66651.64	1744	1745	1745	1745
D:	66747.65	1743	1745	1745	1745
D:	66847.65	1742	1745	1745	1745
D:	66943.63	1740	1745	1745	1745
D:	67039.69	1742	1745	1745	1745
D:	67135.65	1747	1745	1745	1745
D:	67231.65	1741	1745	1745	1745
D:	67311.66	1741	1745	1744	1745
D:	67327.66	1741	1744	1744	1745
D:	67423.67	1739	1744	1744	1745
D:	67519.68	1738	1744	1744	1745
D:	67535.67	1738	1744	1744	1745
D:	67599.65	1744	1744	1744	1745
D:	67695.62	1740	1744	1744	1745
D:	67891.64	1741	1744	1744	1745
D:	67987.64	1742	1744	1744	1745
D:	68083.64	1744	1744	1744	1745
D:	68179.63	1743	1744	1744	1745
D:	68275.66	1742	1744	1744	1745
D:	68371.70	1742	1743	1743	1745
D:	68467.65	1743	1743	1743	1745
D:	68563.65	1741	1743	1743	1745
D:	68691.64	2588	1743	1743	1745
D:	68807.64	2308	1743	1743	1744
D:	68919.64	2248	1743	1743	1744
D:	69031.65	2233	1743	1743	1744
D:	69143.64	2173	1743	1743	1744
D:	69255.64	2257	1743	1743	1744
D:	69271.69	2257	1743	1743	1744
D:	69367.69	2270	1743	1743	1744
D:	69479.67	2241	1743	1743	1744
D:	69591.66	2217	1743	1743	1744
D:	69703.68	2239	1743	1743	1744
D:	69819.71	2225	1743	1743	1744
D:	69931.64	2143	1743	1743	1744
D:	70043.64	2189	1743	1743	1744
D:	70155.62	2279	1743	1743	1744
D:	70267.64	2213	1743	1743	1744
D:	70379.64	2227	1743	1743	1744
D:	70395.68	2227	1743	1743	1744
D:	70491.68	2201	1743	1743	1744
D:	70507.67	2201	1743	1743	1744
D:	70603.67	2198	1743	1743	1744
D:	70715.65	2267	1743	1743	1744
D:	70831.69	2297	1743	1743	1744
D:	70943.63	2255	1743	1743	1744
D:	71039.67	1742	1743	1743	1744
D:	71135.72	1741	1742	1742	1744
D:	71327.66	1743	1742	1742	1744
D:	71423.68	1744	1742	1742	1744
D:	71519.68	1743	1742	1742	1744
D:	71535.66	1743	1742	1742	1744
D:	71615.64	1740	1742	1742	1743
D:	71631.69	1740	1742	1742	1743
D:	71711.64	1742	1742	1742	1743
D:	71727.70	1742	1742	1742	1743
D:	71811.64	1741	1742	1742	1743
D:	72003.66	1739	1742	1742	1743
D:	72099.64	1736	1742	1742	1743
D:	72195.63	1737	1741	1741	1743
D:	72291.63	1739	1741	1741	1743
D:	72387.64	1740	1741	1741	1743
D:	72483.66	1737	1741	1741	1743
D:	72579.65	1734	1741	1741	1743
D:	72675.73	1738	1741	1741	1743
D:	72871.67	1739	1741	1741	1743
D:	72967.66	1736	1741	1741	1743
D:	73143.64	1738	1741	1741	1743
D:	73239.64	1739	1740	1740	1743
D:	73335.64	1738	1740	1740	1743
D:	73431.63	1736	1740	1740	1743
D:	73527.64	1735	1740	1740	1743
D:	73543.65	1735	1740	1740	1742
D:	73623.64	1739	1740	1740	1742
D:	73819.64	1738	1740	1740	1742
D:	73915.67	1735	1740	1740	1742
D:	74011.73	1737	1740	1740	1742
D:	74107.66	1738	1740	1740	1742
D:	74203.66	1739	1740	1740	1742
D:	74299.66	1737	1739	1739	1742
D:	74395.68	1735	1739	1739	1742
D:	74411.67	1735	1739	1739	1742
D:	74491.64	1737	1739	1739	1742
D:	74507.67	1737	1739	1739	1742
D:	74587.64	1738	1739	1739	1742
D:	74603.71	1738	1739	1739	1742
D:	74779.64	1737	1739	1739	1742
D:	74975.64	1738	1739	1739	1741
D:	75263.64	1736	1739	1739	1741
D:	75359.64	1736	1738	1738	1741
D:	75455.65	1738	1738	1738	1741
D:	75663.64	2341	1738	1738	1741
D:	75775.64	2350	1738	1738	1741
D:	75891.63	2322	1738	1738	1741
D:	76003.64	2394	1738	1738	1741
D:	76131.64	2363	1738	1738	1741
D:	76147.67	2363	1738	1738	1741
D:	76243.67	2382	1738	1738	1741
D:	76371.69	2416	1738	1738	1741
D:	76483.64	2382	1738	1738	1741
D:	76595.64	2357	1738	1738	1740
D:	76723.64	2384	1738	1738	1740
D:	76839.64	2344	1738	1738	1740
D:	76951.64	2354	1738	1738	1740
D:	76967.69	2354	1738	1738	1740
D:	77079.67	2473	1738	1738	1740
D:	77191.70	2462	1738	1738	1740
D:	77303.64	2318	1738	1738	1740
D:	77431.63	2325	1738	1738	1740
D:	77543.64	2382	1738	1738	1740
D:	77655.64	2396	1738	1738	1740
D:	77783.64	2418	1738	1738	1740
D:	77799.69	2418	1738	1738	1740
D:	77899.66	2425	1738	1738	1740
D:	78011.70	2059	1738	1738	1740
D:	78107.66	1739	1738	1738	1740
D:	78203.67	1737	1738	1738	1740
D:	78299.68	1736	1737	1737	1740
D:	78395.66	1737	1737	1737	1739
D:	78411.69	1737	1737	1737	1739
D:	78491.64	1739	1737	1737	1739
D:	78507.69	1739	1737	1737	1739
D:	78587.64	1738	1737	1737	1739
D:	78603.70	1738	1737	1737	1739
D:	78779.64	1736	1737	1737	1739
D:	78863.63	1737	1737	1737	1739
D:	79055.64	1739	1737	1737	1739
D:	79151.63	1737	1737	1737	1739
D:	79247.66	1736	1737	1737	1739
D:	79343.74	1738	1738	1738	1739
D:	79535.65	1739	1738	1738	1739
D:	79631.67	1736	1738	1738	1739
D:	79828.03	1738	1738	1738	1739
D:	79843.67	1738	1738	1738	1739
D:	79923.64	1739	1738	1738	1739
D:	79939.69	1739	1738	1738	1739
D:	80019.65	1738	1738	1738	1739
D:	80115.64	1737	1738	1738	1739
D:	80211.64	1736	1738	1738	1739
D:	80307.64	1739	1738	1738	1739
D:	80403.63	1737	1737	1737	1739
D:	80499.64	1739	1737	1737	1739
D:	80595.62	1737	1737	1737	1739
D:	80887.67	1738	1737	1737	1739
D:	80983.74	1737	1737	1737	1738
D:	81079.65	1735	1737	1737	1738
D:	81175.66	1737	1737	1737	1738
D:	81271.65	1738	1737	1737	1738
D:	81367.70	1739	1737	1737	1738
D:	81383.67	1739	1737	1737	1738
D:	81463.64	1738	1738	1738	1738
D:	81479.66	1738	1738	1738	1738
D:	81559.66	1736	1738	1738	1738
D:	81575.69	1736	1738	1738	1738
D:	81655.67	1737	1738	1738	1738
D:	81751.64	1742	1738	1738	1738
D:	81835.64	1739	1738	1738	1738
D:	81931.64	1737	1738	1738	1738
D:	82027.66	1736	1738	1738	1738
D:	82123.65	1739	1738	1738	1738
D:	82219.69	1738	1738	1738	1738
D:	82315.65	1737	1738	1738	1738
D:	82411.65	1736	1738	1738	1738
D:	82507.66	1737	1737	1737	1738
D:	82619.65	2171	1737	1737	1738
D:	82747.65	2475	1737	1737	1738
D:	82863.64	2409	1737	1737	1738
D:	82975.64	2353	1737	1737	1738
D:	83087.64	2377	1737	1737	1738
D:	83215.69	2405	1737	1737	1738
D:	83231.68	2405	1737	1737	1738
D:	83327.67	2346	1737	1737	1738
D:	83455.66	2407	1737	1737	1738
D:	83567.64	2362	1737	1737	1738
D:	83679.64	2395	1737	1737	1738
D:	83811.64	2382	1737	1737	1738
D:	83923.64	2389	1737	1737	1738
D:	83939.69	2389	1737	1737	1738
D:	84035.68	2499	1737	1737	1738
D:	84051.67	2499	1737	1737	1738
D:	84163.75	2437	1737	1737	1738
D:	84275.67	2450	1737	1737	1738
D:	84403.64	2388	1737	1737	1738
D:	84515.64	2375	1737	1737	1738
D:	84643.64	2387	1737	1737	1738
D:	84659.69	2387	1737	1737	1738
D:	84755.69	2395	1737	1737	1737
D:	84871.67	2325	1737	1737	1737
D:	84983.71	2353	1737	1737	1737
D:	85079.65	1738	1737	1737	1737
D:	85271.66	1736	1737	1737	1737
D:	85367.72	1736	1736	1736	1737
D:	85383.67	1736	1736	1736	1737
D:	85463.64	1737	1736	1736	1737
D:	85479.67	1737	1736	1736	1737
D:	85559.63	1738	1736	1736	1737
D:	85575.69	1738	1736	1736	1737
D:	85751.64	1737	1736	1736	1737
D:	85851.64	1736	1736	1736	1737
D:	85947.64	1739	1736	1736	1737
D:	86139.65	1736	1736	1736	1737
D:	86235.63	1735	1736	1736	1737
D:	86331.65	1738	1736	1736	1737
D:	86427.67	1739	1737	1737	1737
D:	86619.67	1736	1737	1737	1737
D:	86715.65	1737	1737	1737	1737
D:	86895.62	1739	1737	1737	1737
D:	86911.68	1739	1737	1737	1737
D:	86991.64	1740	1737	1737	1737
D:	87087.64	1736	1737	1737	1737
D:	87183.64	1735	1737	1737	1737
D:	87279.64	1739	1737	1737	1737
D:	87375.64	1738	1737	1737	1737
D:	87471.64	1738	1738	1738	1737
D:	87567.65	1736	1738	1738	1737
D:	87663.63	1737	1738	1738	1737
D:	87759.67	1738	1738	1738	1737
D:	87859.69	1739	1738	1738	1737
D:	87955.65	1737	1738	1738	1737
D:	88147.66	1736	1738	1738	1737
D:	88243.69	1738	1738	1738	1737
D:	88339.68	1739	1738	1738	1737
D:	88355.67	1739	1738	1738	1737
D:	88435.64	1737	1738	1738	1737
D:	88451.69	1737	1738	1738	1737
D:	88531.64	1736	1737	1737	1737
D:	88627.64	1738	1737	1737	1737
D:	88823.64	1739	1737	1737	1737
D:	88919.64	1737	1737	1737	1737
D:	89015.63	1735	1737	1737	1737
D:	89111.64	1739	1737	1737	1737
D:	89207.65	1741	1737	1737	1737
D:	89303.66	1735	1737	1737	1737
D:	89383.65	1732	1737	1737	1737
D:	89479.67	1736	1737	1737	1737
D:	89591.67	2160	1737	1737	1737
D:	89719.65	2389	1737	1737	1737
D:	89835.64	2415	1737	1737	1737
D:	89947.64	2400	1737	1737	1737
D:	90075.64	2391	1737	1737	1737
D:	90091.67	2391	1737	1737	1737
D:	90187.69	2403	1737	1737	1737
D:	90203.67	2403	1737	1737	1737
D:	90299.65	2348	1737	1737	1737
D:	90427.67	2418	1737	1737	1737
D:	90539.65	2460	1737	1737	1737
D:	90667.64	2353	1737	1737	1737
D:	90779.65	2382	1737	1737	1737
D:	90895.64	2367	1737	1737	1737
D:	90911.67	2367	1737	1737	1737
D:	91023.66	2463	1737	1737	1737
D:	91135.74	2399	1737	1737	1737
D:	91247.66	2373	1737	1737	1737
D:	91375.64	2415	1737	1737	1737
D:	91487.65	2334	1737	1737	1737
D:	91615.64	2476	1737	1737	1737
D:	91631.67	2476	1737	1737	1737
D:	91727.70	2393	1737	1737	1737
D:	91743.69	2393	1737	1737	1737
D:	91843.67	2336	1737	1737	1737
D:	91955.66	2399	1737	1737	1737
D:	92083.64	2407	1737	1737	1737
D:	92195.64	2329	1737	1737	1737
D:	92307.64	2335	1737	1737	1737
D:	92435.64	2336	1737	1737	1737
D:	92451.67	2336	1737	1737	1737
D:	92547.68	2351	1737	1737	1737
D:	92659.66	2289	1737	1737	1737
D:	92771.65	2087	1737	1737	1737
D:	92871.66	2019	1737	1737	1737
D:	92983.71	1899	1737	1737	1737
D:	93079.66	1857	1737	1737	1737
D:	93175.67	1821	1737	1737	1737
D:	93271.66	1804	1737	1737	1737
D:	93367.68	1793	1737	1737	1737
D:	93383.69	1793	1737	1737	1737
D:	93463.64	1795	1737	1737	1737
D:	93479.69	1795	1737	1737	1737
D:	93559.64	1767	1737	1737	1737
D:	93575.68	1767	1737	1737	1737
D:	93655.64	1773	1737	1737	1737
D:	93751.64	1775	1737	1737	1737
D:	93851.64	1774	1737	1737	1737
D:	93947.64	1779	1737	1737	1737
D:	94043.64	1777	1737	1737	1737
D:	94139.64	1775	1737	1737	1737
D:	94331.64	1776	1737	1737	1737
D:	94443.64	1784	1737	1737	1737
D:	94539.64	1774	1737	1737	1737
D:	94635.65	1770	1737	1737	1737
D:	94731.66	1779	1737	1737	1737
D:	94815.67	1771	1737	1737	1737
D:	94927.67	1772	1737	1737	1737
D:	95023.67	1768	1737	1737	1737
D:	95119.67	1766	1737	1737	1737
D:	95215.70	1769	1737	1737	1737
D:	95311.65	1774	1737	1737	1737
D:	95327.67	1774	1737	1737	1737
D:	95407.64	1773	1737	1737	1737
D:	95423.70	1773	1737	1737	1737
D:	95503.64	1775	1737	1737	1737
D:	95599.64	1773	1737	1737	1737
D:	95695.64	1780	1737	1737	1737
D:	95791.64	1774	1737	1737	1737
D:	95891.64	1783	1737	1737	1737
D:	95987.64	1782	1737	1737	1737
D:	96083.64	1786	1737	1737	1737
D:	96179.65	1785	1737	1737	1737
D:	96275.65	1784	1737	1737	1737
D:	96371.68	1794	1737	1737	1737
D:	96467.72	1781	1737	1737	1737
D:	96563.66	1780	1737	1737	1737
D:	96659.66	1791	1737	1737	1737
D:	96771.67	1783	1737	1737	1737
D:	96855.69	1791	1737	1737	1737
D:	96967.66	1797	1737	1737	1737
D:	97063.66	1793	1737	1737	1737
D:	97159.68	1794	1737	1737	1737
D:	97175.67	1794	1737	1737	1737
D:	97255.65	1792	1737	1737	1737
D:	97271.67	1792	1737	1737	1737
D:	97351.65	1793	1737	1737	1737
D:	97367.69	1793	1737	1737	1737
D:	97447.65	1798	1737	1737	1737
D:	97543.65	1796	1737	1737	1737
D:	97639.64	1798	1737	1737	1737
D:	97735.64	1796	1737	1737	1737
D:	97835.64	1801	1737	1737	1737
D:	97931.64	1805	1737	1737	1737
D:	98027.65	1795	1737	1737	1737
D:	98123.67	1791	1737	1737	1737
D:	98235.70	1792	1737	1737	1737
D:	98331.67	1799	1737	1737	1737
D:	98427.65	1800	1737	1737	1737
D:	98523.66	1797	1737	1737	1737
D:	98619.67	1796	1737	1737	1737
D:	98715.64	1804	1737	1737	1737
D:	98731.69	1804	1737	1737	1737
D:	98815.64	1802	1737	1737	1737
D:	98831.69	1802	1737	1737	1737
D:	98911.64	1795	1737	1737	1737
D:	98927.71	1795	1737	1737	1737
D:	99007.63	1793	1737	1737	1737
D:	99103.65	1789	1737	1737	1737
D:	99199.64	1798	1737	1737	1737
D:	99311.64	1790	1737	1737	1737
D:	99407.65	1789	1737	1737	1737
D:	99503.64	1797	1737	1737	1737
D:	99599.65	1798	1737	1737	1737
D:	99695.64	1792	1737	1737	1737
D:	99791.65	1788	1737	1737	1737
D:	99891.66	1796	1737	1737	1737
D:	99987.65	1798	1737	1737	1737
D:	100083.69	1792	1737	1737	1737
D:	100179.65	1790	1737	1737	1737
D:	100371.66	1803	1737	1737	1737
D:	100579.67	1793	1737	1737	1737
D:	100675.67	1797	1737	1737	1737
D:	100771.69	1796	1737	1737	1737
D:	100787.69	1796	1737	1737	1737
D:	100967.64	1791	1737	1737	1737
D:	100983.69	1791	1737	1737	1737
D:	101063.65	1789	1737	1737	1737
D:	101159.65	1794	1737	1737	1737
D:	101256.63	1798	1737	1737	1737
D:	101352.65	1796	1737	1737	1737
D:	101448.65	1793	1737	1737	1737
D:	101544.65	1787	1737	1737	1737
D:	101640.65	1799	1737	1737	1737
D:	101836.66	1794	1737	1737	1737
D:	101932.67	1797	1737	1737	1737
D:	102044.65	1791	1737	1737	1737
D:	102140.65	1794	1737	1737	1737
D:	102236.68	1793	1737	1737	1737
D:	102332.67	1796	1737	1737	1737
D:	102428.67	1789	1737	1737	1737
D:	102524.66	1791	1737	1737	1737
D:	102620.67	1796	1737	1737	1737
D:	102716.64	1791	1737	1737	1737
D:	102732.67	1791	1737	1737	1737
D:	102816.63	1793	1737	1737	1737
D:	102832.67	1793	1737	1737	1737
D:	102912.64	1797	1737	1737	1737
D:	102928.69	1797	1737	1737	1737
D:	103008.64	1790	1737	1737	1737
D:	103200.64	1792	1737	1737	1737
D:	103312.64	1802	1737	1737	1737
D:	103408.64	1825	1737	1737	1737
D:	103504.64	1816	1737	1737	1737
D:	103600.64	1824	1737	1737	1737
D:	103696.64	1860	1737	1737	1737
D:	103792.65	1854	1737	1737	1737
D:	103906.64	1881	1737	1737	1737
D:	104002.65	1916	1737	1737	1737
D:	104210.65	1951	1737	1737	1737
D:	104306.64	1972	1737	1737	1737
D:	104418.65	1997	1737	1737	1737
D:	104514.65	2044	1737	1737	1737
D:	104626.65	2019	1737	1737	1737
D:	104738.65	2074	1737	1737	1737
D:	104838.64	2098	1737	1737	1737
D:	104950.65	2070	1737	1737	1737
D:	105062.64	2087	1737	1737	1737
D:	105078.71	2087	1737	1737	1737
D:	105174.65	2100	1737	1737	1737
D:	105190.69	2100	1737	1737	1737
D:	105270.64	2149	1737	1737	1737
D:	105286.68	2149	1737	1737	1737
D:	105494.66	2186	1737	1737	1737
D:	105606.65	2157	1737	1737	1737
D:	105718.75	2192	1737	1737	1737
D:	105834.65	2268	1737	1737	1737
D:	105946.65	2343	1737	1737	1737
D:	106074.65	2342	1737	1737	1737
D:	106186.65	2375	1737	1737	1737
D:	106298.64	2424	1737	1737	1737
D:	106314.68	2424	1737	1737	1737
D:	106426.65	2354	1737	1737	1737
D:	106538.71	2399	1737	1737	1737
D:	106666.66	2444	1737	1737	1737
D:	106778.64	2401	1737	1737	1737
D:	106893.64	2426	1737	1737	1737
D:	107021.68	2497	1737	1737	1737
D:	107037.69	2497	1737	1737	1737
D:	107133.67	2251	1737	1737	1737
D:	107261.69	2294	1737	1737	1737
D:	107373.66	2432	1737	1737	1737
D:	107501.65	2354	1737	1737	1737
D:	107629.64	2564	1737	1737	1737
D:	107645.68	2564	1737	1737	1737
D:	107741.73	2269	1737	1737	1737
D:	107757.67	2269	1737	1737	1737
D:	107873.75	2438	1737	1737	1737
D:	107985.65	2262	1737	1737	1737
D:	108097.65	2390	1737	1737	1737
D:	108225.64	2431	1737	1737	1737
D:	108353.65	2288	1737	1737	1737
D:	108369.69	2288	1737	1737	1737
D:	108465.68	2241	1737	1737	1737
D:	108577.66	2222	1737	1737	1737
D:	108705.66	2477	1737	1737	1737
D:	108821.65	2456	1737	1737	1737
D:	108949.65	2385	1737	1737	1737
D:	109061.65	2312	1737	1737	1737
D:	109077.69	2312	1737	1737	1737
D:	109173.64	2288	1737	1737	1737
D:	109189.67	2288	1737	1737	1737
D:	109285.67	2175	1737	1737	1737
D:	109397.66	2117	1737	1737	1737
D:	109509.65	2101	1737	1737	1737
D:	109605.66	2018	1737	1737	1737
D:	109717.64	2020	1737	1737	1737
D:	109929.68	2009	1737	1737	1737
D:	110025.66	1963	1737	1737	1737
D:	110137.66	2106	1737	1737	1737
D:	110249.65	2085	1737	1737	1737
D:	110345.64	2104	1737	1737	1737
D:	110457.65	2097	1737	1737	1737
D:	110569.64	2080	1737	1737	1737
D:	110681.65	2120	1737	1737	1737
D:	110793.69	2178	1737	1737	1737
D:	110893.63	2189	1737	1737	1737
D:	111005.64	2241	1737	1737	1737
D:	111117.65	2191	1737	1737	1737
D:	111133.69	2191	1737	1737	1737
D:	111229.67	2269	1737	1737	1737
D:	111245.68	2269	1737	1737	1737
D:	111341.67	2239	1737	1737	1737
D:	111453.67	2218	1737	1737	1737
D:	111565.66	2242	1737	1737	1737
D:	111693.65	2286	1737	1737	1737
D:	111809.65	2216	1737	1737	1737
D:	111905.65	2248	1737	1737	1737
D:	112033.65	2240	1737	1737	1737
D:	112145.65	2195	1737	1737	1737
D:	112161.73	2195	1737	1737	1737
D:	112257.69	2218	1737	1737	1737
D:	112273.67	2218	1737	1737	1737
D:	112369.67	2238	1737	1737	1737
D:	112481.66	2225	1737	1737	1737
D:	112593.74	2202	1737	1737	1737
D:	112689.66	2133	1737	1737	1737
D:	112805.65	2147	1737	1737	1737
D:	112917.65	2164	1737	1737	1737
D:	113029.65	2156	1737	1737	1737
D:	113141.64	2177	1737	1737	1737
D:	113253.64	2198	1737	1737	1737
D:	113365.65	2277	1737	1737	1737
D:	113477.65	2243	1737	1737	1737
D:	113493.71	2243	1737	1737	1737
D:	113589.69	2186	1737	1737	1737
D:	113605.69	2186	1737	1737	1737
D:	113701.68	2207	1737	1737	1737
D:	113817.66	2272	1737	1737	1737
D:	113929.72	2226	1737	1737	1737
D:	114041.65	2177	1737	1737	1737
D:	114153.65	2188	1737	1737	1737
D:	114265.64	2247	1737	1737	1737
D:	114377.64	2287	1737	1737	1737
D:	114489.65	2219	1737	1737	1737
D:	114601.65	2209	1737	1737	1737
D:	114713.65	2219	1737	1737	1737
D:	114729.67	2219	1737	1737	1737
D:	114829.68	2214	1737	1737	1737
D:	114925.68	2103	1737	1737	1737
D:	114941.69	2103	1737	1737	1737
D:	115037.67	2000	1737	1737	1737
D:	115133.67	1635	1737	1737	1737
D:	115213.65	1612	1737	1737	1737
D:	115309.65	1632	1736	1632	1737
D:	115405.65	1618	1736	1618	1737
D:	115501.63	1636	1736	1636	1737
D:	115597.64	1630	1736	1630	1737
D:	115693.65	1609	1736	1609	1737
D:	115773.68	1622	1736	1622	1737
D:	115873.65	1626	1736	1626	1737
D:	115969.67	1617	1736	1617	1737
D:	116049.65	1633	1736	1633	1737
D:	116065.69	1633	1736	1633	1737
D:	116145.65	1597	1736	1597	1737
D:	116161.67	1597	1736	1597	1737
D:	116257.66	2066	1736	1736	1737
D:	116273.67	2066	1736	1736	1737
D:	116369.66	2170	1736	1736	1737
D:	116481.66	2207	1736	1736	1737
D:	116577.65	2203	1736	1736	1737
D:	116689.67	2196	1736	1736	1737
D:	116805.69	2203	1736	1736	1737
D:	116917.65	2205	1736	1736	1737
D:	117029.64	2210	1736	1736	1737
D:	117141.64	2173	1736	1736	1737
D:	117253.65	2084	1736	1736	1737
D:	117333.64	1670	1736	1736	1737
D:	117429.65	1623	1736	1736	1737
D:	117525.67	1595	1735	1595	1737
D:	117621.71	1630	1735	1630	1737
D:	117717.66	1619	1735	1619	1737
D:	117797.70	1602	1735	1602	1737
D:	117817.66	1602	1735	1602	1737
D:	117897.65	1608	1735	1608	1737
D:	117913.67	1608	1735	1608	1737
D:	117993.63	1629	1735	1629	1737
D:	118009.70	1629	1735	1629	1737
D:	118073.65	1598	1735	1598	1737
D:	118169.65	1643	1735	1643	1737
D:	118265.64	1597	1735	1597	1737
D:	118361.64	1628	1735	1628	1737
D:	118441.71	1593	1735	1593	1737
D:	118537.65	1622	1734	1622	1737
D:	118633.66	1630	1734	1630	1737
D:	118729.66	1606	1734	1606	1737
D:	118813.65	1623	1734	1623	1737
D:	118829.68	1623	1734	1623	1737
D:	118909.65	1602	1734	1602	1737
D:	118989.64	1616	1734	1616	1737
D:	119085.65	1608	1734	1608	1737
D:	119165.67	1616	1734	1616	1737
D:	119261.72	1605	1734	1605	1737
D:	119341.67	1603	1734	1603	1737
D:	119437.68	1617	1734	1617	1737
D:	119453.69	1617	1734	1617	1737
D:	119533.64	1596	1734	1596	1737
D:	119549.67	1596	1734	1596	1737
D:	119613.63	1607	1733	1607	1737
D:	119709.65	1609	1733	1609	1737
D:	119789.65	1616	1733	1616	1737
D:	119969.67	1627	1733	1627	1737
D:	120081.72	2035	1733	1733	1737
D:	120177.67	2229	1733	1733	1737
D:	120289.68	2242	1733	1733	1737
D:	120401.65	2233	1733	1733	1737
D:	120513.65	2243	1733	1733	1737
D:	120625.63	2212	1733	1733	1737
D:	120837.64	2203	1733	1733	1737
D:	121045.65	2165	1733	1733	1737
D:	121157.64	2078	1733	1733	1737
D:	121253.65	1985	1733	1733	1737
D:	121349.65	1930	1733	1733	1737
D:	121445.64	1900	1733	1733	1737
D:	121541.65	1831	1733	1733	1737
D:	121637.65	1811	1733	1733	1737
D:	121733.64	1820	1733	1733	1737
D:	121833.67	1817	1733	1733	1737
D:	121929.69	1820	1733	1733	1737
D:	122025.67	1799	1733	1733	1736
D:	122121.67	1796	1733	1733	1736
D:	122217.66	1779	1733	1733	1736
D:	122313.68	1774	1733	1733	1736
D:	122393.65	1679	1733	1733	1736
D:	122489.65	1552	1733	1733	1736
D:	122569.65	1560	1732	1560	1736
D:	122665.65	1561	1732	1561	1736
D:	122745.65	1553	1732	1553	1736
D:	122829.67	1551	1732	1551	1736
D:	122925.70	1546	1732	1546	1736
D:	122941.68	1546	1732	1546	1736
D:	123005.64	1543	1732	1543	1736
D:	123101.65	1541	1732	1541	1736
D:	123181.64	1550	1732	1550	1736
D:	123277.65	1564	1732	1564	1736
D:	123357.67	1745	1732	1732	1736
D:	123453.68	1788	1732	1732	1736
D:	123549.68	1808	1732	1732	1736
D:	123645.70	1806	1732	1732	1736
D:	123741.64	1811	1732	1732	1736
D:	123757.67	1811	1732	1732	1736
D:	123841.65	1803	1732	1732	1736
D:	123857.67	1803	1732	1732	1736
D:	123937.65	1804	1732	1732	1736
D:	123953.70	1804	1732	1732	1736
D:	124017.65	1807	1732	1732	1736
D:	124113.65	1810	1732	1732	1736
D:	124209.65	1822	1732	1732	1736
D:	124305.65	1812	1732	1732	1736
D:	124401.66	1802	1732	1732	1736
D:	124497.68	1816	1732	1732	1736
D:	124593.71	1810	1732	1732	1736
D:	124689.67	1820	1732	1732	1736
D:	124785.69	1791	1732	1732	1736
D:	124885.68	1808	1732	1732	1736
D:	124981.69	1778	1732	1732	1736
D:	125061.65	1780	1732	1732	1736
D:	125157.64	1777	1732	1732	1736
D:	125253.65	1772	1732	1732	1736
D:	125349.65	1753	1732	1732	1736
D:	125445.63	1607	1732	1732	1736
D:	125525.67	1595	1732	1732	1735
D:	125621.70	1589	1731	1589	1735
D:	125701.66	1573	1731	1573	1735
D:	125797.69	1587	1731	1587	1735
D:	125817.69	1587	1731	1587	1735
D:	125881.65	1580	1731	1580	1735
D:	125961.65	1583	1731	1583	1735
D:	126057.64	1584	1731	1584	1735
D:	126137.68	1577	1731	1577	1735
D:	126233.71	1587	1731	1587	1735
D:	126313.69	1582	1731	1582	1735
D:	126409.65	1588	1731	1588	1735
D:	126425.67	1588	1731	1588	1735
D:	126505.65	1777	1731	1731	1735
D:	126521.69	1777	1731	1731	1735
D:	126601.66	1797	1731	1731	1735
D:	126681.64	1823	1731	1731	1735
D:	126777.65	1816	1731	1731	1735
D:	126877.65	1821	1731	1731	1735
D:	126973.65	1827	1731	1731	1735
D:	127069.64	1841	1731	1731	1735
D:	127165.71	1831	1731	1731	1735
D:	127261.75	1823	1731	1731	1735
D:	127357.65	1839	1731	1731	1735
D:	127453.65	1822	1731	1731	1735
D:	127549.67	1830	1731	1731	1735
D:	127645.70	1820	1731	1731	1735
D:	127661.66	1820	1731	1731	1735
D:	127741.64	1832	1731	1731	1735
D:	127757.67	1832	1731	1731	1735
D:	127841.65	1837	1731	1731	1735
D:	127857.69	1837	1731	1731	1735
D:	127937.65	1815	1731	1731	1735
D:	128033.65	1834	1731	1731	1735
D:	128129.65	1821	1731	1731	1735
D:	128225.65	1826	1731	1731	1735
D:	128321.64	1814	1731	1731	1735
D:	128401.66	1836	1731	1731	1735
D:	128497.69	1816	1731	1731	1735
D:	128593.66	1825	1731	1731	1735
D:	128885.68	1823	1731	1731	1735
D:	128981.67	1827	1731	1731	1735
D:	129077.64	1832	1731	1731	1735
D:	129093.70	1832	1731	1731	1735
D:	129173.65	1831	1731	1731	1735
D:	129189.71	1831	1731	1731	1735
D:	129269.64	1820	1731	1731	1734
D:	129365.64	1830	1731	1731	1734
D:	129461.63	1821	1731	1731	1734
D:	129557.64	1829	1731	1731	1734
D:	129653.64	1828	1731	1731	1734
D:	129749.64	1823	1731	1731	1734
D:	129849.64	1827	1731	1731	1734
D:	129945.67	1825	1731	1731	1734
D:	130041.65	1829	1731	1731	1734
D:	130137.69	1819	1731	1731	1734
D:	130233.66	1830	1731	1731	1734
D:	130329.66	1827	1731	1731	1734
D:	130425.66	1819	1731	1731	1734
D:	130521.68	1825	1731	1731	1734
D:	130617.66	1820	1731	1731	1734
D:	130633.67	1820	1731	1731	1734
D:	130713.65	1824	1731	1731	1733
D:	130729.68	1824	1731	1731	1733
D:	130989.64	1828	1731	1731	1733
D:	131085.64	1817	1731	1731	1733
D:	131181.65	1831	1731	1731	1733
D:	131277.65	1823	1731	1731	1733
D:	131373.66	1842	1731	1731	1733
D:	131485.63	1902	1731	1731	1733
D:	131581.66	1905	1731	1731	1733
D:	131677.70	1957	1731	1731	1733
D:	131773.70	1974	1731	1731	1733
D:	131873.66	1991	1731	1731	1733
D:	131985.67	2071	1731	1731	1733
D:	132081.71	2115	1731	1731	1733
D:	132193.66	2073	1731	1731	1733
D:	132305.65	2141	1731	1731	1733
D:	132401.65	2134	1731	1731	1733
D:	132513.64	2064	1731	1731	1733
D:	132609.65	2050	1731	1731	1733
D:	132705.66	1973	1731	1731	1733
D:	132805.68	1819	1731	1731	1733
D:	132901.70	1630	1731	1731	1732
D:	132981.67	1602	1731	1731	1732
D:	132997.69	1602	1731	1731	1732
D:	133077.65	1586	1730	1586	1732
D:	133093.70	1586	1730	1586	1732
D:	133173.65	1589	1730	1589	1732
D:	133189.69	1589	1730	1589	1732
D:	133253.65	1579	1730	1579	1732
D:	133349.65	1569	1730	1569	1732
D:	133429.65	1579	1730	1579	1732
D:	133525.66	1575	1730	1575	1732
D:	133605.67	1580	1730	1580	1732
D:	133701.67	1596	1730	1596	1732
D:	133797.70	2031	1730	1730	1732
D:	133817.67	2031	1730	1730	1732
D:	133897.66	2070	1730	1730	1732
D:	133913.67	2070	1730	1730	1732
D:	134009.69	2077	1730	1730	1732
D:	134105.66	2060	1730	1730	1732
D:	134121.69	2060	1730	1730	1732
D:	134201.66	1977	1730	1730	1732
D:	134217.70	1977	1730	1730	1732
D:	134297.65	1681	1730	1730	1732
D:	134393.65	1645	1730	1730	1732
D:	134473.65	1613	1729	1613	1732
D:	134569.65	1618	1729	1618	1732
D:	134745.66	1618	1729	1729	1732
D:	134761.67	1778	1729	1729	1732
D:	134861.67	2038	1729	1729	1732
D:	134957.70	2044	1729	1729	1732
D:	135053.66	2026	1729	1729	1732
D:	135165.69	1975	1729	1729	1732
D:	135261.67	1915	1729	1729	1732
D:	135341.69	1662	1729	1729	1732
D:	135437.66	1653	1729	1729	1732
D:	135453.69	1653	1729	1729	1732
D:	135533.65	1630	1728	1630	1732
D:	135549.71	1630	1728	1630	1732
D:	135613.65	1615	1728	1615	1732
D:	135709.64	1616	1728	1616	1732
D:	135789.63	1597	1728	1597	1732
D:	135889.66	1619	1728	1619	1732
D:	135969.68	1605	1728	1605	1732
D:	136065.67	1644	1728	1644	1732
D:	136161.70	1947	1728	1728	1732
D:	136273.67	2029	1728	1728	1732
D:	136369.69	2039	1728	1728	1732
D:	136465.68	2019	1728	1728	1732
D:	136481.68	2019	1728	1728	1732
D:	136577.68	2005	1728	1728	1732
D:	136673.70	2013	1728	1728	1732
D:	136869.65	1978	1728	1728	1732
D:	136885.68	1978	1728	1728	1732
D:	136981.68	2029	1728	1728	1732
D:	137077.65	2026	1728	1728	1732
D:	137093.67	2026	1728	1728	1732
D:	137173.63	2048	1728	1728	1732
D:	137189.69	2048	1728	1728	1732
D:	137285.69	2086	1728	1728	1732
D:	137301.70	2086	1728	1728	1732
D:	137381.65	2090	1728	1728	1732
D:	137397.69	2090	1728	1728	1732
D:	137493.69	2099	1728	1728	1732
D:	137509.68	2099	1728	1728	1732
D:	137605.67	2102	1728	1728	1732
D:	137701.68	2101	1728	1728	1732
D:	137797.70	2124	1728	1728	1732
D:	137817.67	2124	1728	1728	1732
D:	137913.67	2118	1728	1728	1732
D:	138025.65	2086	1728	1728	1732
D:	138121.66	2131	1728	1728	1732
D:	138233.65	2102	1728	1728	1732
D:	138329.68	2123	1728	1728	1732
D:	138441.72	2097	1728	1728	1732
D:	138553.66	2107	1728	1728	1732
D:	138649.68	2121	1728	1728	1732
D:	138761.66	2077	1728	1728	1732
D:	138861.66	2107	1728	1728	1732
D:	138973.66	2112	1728	1728	1732
D:	139069.64	2120	1728	1728	1732
D:	139181.65	2092	1728	1728	1731
D:	139277.65	2127	1728	1728	1731
D:	139389.65	2098	1728	1728	1731
D:	139501.65	2100	1728	1728	1731
D:	139597.65	2093	1728	1728	1731
D:	139709.64	2116	1728	1728	1731
D:	139809.65	2110	1728	1728	1731
D:	139921.65	2130	1728	1728	1731
D:	140017.65	2118	1728	1728	1731
D:	140129.65	2115	1728	1728	1731
D:	140225.63	2097	1728	1728	1731
D:	140337.65	2091	1728	1728	1731
D:	140449.65	2135	1728	1728	1731
D:	140545.65	2083	1728	1728	1730
D:	140657.67	2119	1728	1728	1730
D:	140673.70	2119	1728	1728	1730
D:	140753.65	2106	1728	1728	1730
D:	140869.65	2124	1728	1728	1730
D:	140885.68	2124	1728	1728	1730
D:	140965.66	2115	1728	1728	1730
D:	140981.71	2115	1728	1728	1730
D:	141077.67	2124	1728	1728	1730
D:	141093.69	2124	1728	1728	1730
D:	141189.67	2119	1728	1728	1730
D:	141285.68	2137	1728	1728	1730
D:	141301.68	2137	1728	1728	1730
D:	141397.66	2094	1728	1728	1730
D:	141493.68	2086	1728	1728	1730
D:	141605.66	2090	1728	1728	1730
D:	141717.68	2111	1728	1728	1730
D:	141817.65	2112	1728	1728	1730
D:	142025.66	2100	1728	1728	1730
D:	142137.70	2099	1728	1728	1730
D:	142233.66	2083	1728	1728	1730
D:	142345.68	2145	1728	1728	1730
D:	142441.71	2089	1728	1728	1730
D:	142553.66	2145	1728	1728	1729
D:	142665.65	2125	1728	1728	1729
D:	142761.66	2123	1728	1728	1729
D:	142877.65	2093	1728	1728	1729
D:	142973.65	2113	1728	1728	1729
D:	143085.65	2139	1728	1728	1729
D:	143181.66	2087	1728	1728	1729
D:	143293.65	2146	1728	1728	1729
D:	143405.65	2122	1728	1728	1729
D:	143501.64	2147	1728	1728	1729
D:	143613.65	2126	1728	1728	1729
D:	143709.65	2089	1728	1728	1729
D:	143825.65	2160	1728	1728	1729
D:	143921.65	2081	1728	1728	1729
D:	144033.65	2108	1728	1728	1729
D:	144145.64	2090	1728	1728	1729
D:	144161.69	2090	1728	1728	1729
D:	144241.65	2091	1728	1728	1729
D:	144353.65	2093	1728	1728	1729
D:	144369.70	2093	1728	1728	1729
D:	144449.66	2140	1728	1728	1729
D:	144561.65	2093	1728	1728	1729
D:	144577.68	2093	1728	1728	1729
D:	144657.65	2088	1728	1728	1729
D:	144673.69	2088	1728	1728	1729
D:	144769.68	2079	1728	1728	1729
D:	144785.68	2079	1728	1728	1729
D:	144869.65	2107	1728	1728	1729
D:	144885.68	2107	1728	1728	1729
D:	145077.70	2104	1728	1728	1729
D:	145093.68	2104	1728	1728	1729
D:	145189.66	2088	1728	1728	1729
D:	145301.66	2119	1728	1728	1729
D:	145397.66	2121	1728	1728	1729
D:	145509.68	2102	1728	1728	1729
D:	145605.66	2117	1728	1728	1729
D:	145717.66	2082	1728	1728	1729
D:	145817.66	2133	1728	1728	1729
D:	145929.71	2085	1728	1728	1728
D:	146041.66	2116	1728	1728	1728
D:	146137.69	2140	1728	1728	1728
D:	146249.66	2096	1728	1728	1728
D:	146345.68	2104	1728	1728	1728
D:	146457.66	2092	1728	1728	1728
D:	146569.64	2131	1728	1728	1728
D:	146665.65	2115	1728	1728	1728
D:	146777.65	2132	1728	1728	1728
D:	146877.65	2091	1728	1728	1728
D:	146989.65	2082	1728	1728	1728
D:	147085.65	2102	1728	1728	1728
D:	147197.65	2107	1728	1728	1728
D:	147293.65	2121	1728	1728	1728
D:	147405.65	2115	1728	1728	1728
D:	147517.65	2132	1728	1728	1728
D:	147613.65	2117	1728	1728	1728
D:	147725.64	2119	1728	1728	1728
D:	147825.64	2077	1728	1728	1728
D:	147937.65	2119	1728	1728	1728
D:	148033.65	2145	1728	1728	1728
D:	148145.65	2110	1728	1728	1728
D:	148257.71	2121	1728	1728	1728
D:	148273.68	2121	1728	1728	1728
D:	148353.65	2137	1728	1728	1728
D:	148369.68	2137	1728	1728	1728
D:	148465.70	2089	1728	1728	1728
D:	148481.70	2089	1728	1728	1728
D:	148561.65	2128	1728	1728	1728
D:	148577.68	2128	1728	1728	1728
D:	148673.68	2090	1728	1728	1728
D:	148785.66	2119	1728	1728	1728
D:	148885.67	2104	1728	1728	1728
D:	148997.68	2114	1728	1728	1728
D:	149093.67	2080	1728	1728	1728
D:	149205.66	2134	1728	1728	1728
D:	149301.67	2114	1728	1728	1728
D:	149413.66	2109	1728	1728	1728
D:	149509.67	2097	1728	1728	1728
D:	149621.72	2099	1728	1728	1728
D:	149733.66	2104	1728	1728	1728
D:	149833.67	2082	1728	1728	1728
D:	149929.71	2081	1728	1728	1728
D:	150041.66	2133	1728	1728	1728
D:	150153.65	2140	1728	1728	1728
D:	150249.65	2128	1728	1728	1728
D:	150361.65	2124	1728	1728	1728
D:	150473.65	2073	1728	1728	1728
D:	150569.65	2119	1728	1728	1728
D:	150681.64	2142	1728	1728	1728
D:	150777.65	2117	1728	1728	1728
D:	150893.64	2115	1728	1728	1728
D:	150989.65	2140	1728	1728	1728
D:	151101.65	2097	1728	1728	1728
D:	151213.65	2125	1728	1728	1728
D:	151309.65	2076	1728	1728	1728
D:	151421.65	2151	1728	1728	1728
D:	151517.65	2058	1728	1728	1728
D:	151629.65	1962	1728	1728	1728
D:	151725.65	1906	1728	1728	1728
D:	151825.65	1844	1728	1728	1728
D:	151905.65	1789	1728	1728	1728
D:	152001.65	1781	1728	1728	1728
D:	152097.66	1772	1728	1728	1728
D:	152193.66	1775	1728	1728	1728
D:	152289.69	1769	1728	1728	1728
D:	152385.66	1762	1728	1728	1728
D:	152481.68	1763	1728	1728	1728
D:	152577.69	1771	1728	1728	1728
D:	152657.65	1765	1728	1728	1728
D:	152673.72	1765	1728	1728	1728
D:	152753.65	1770	1728	1728	1728
D:	152853.65	1767	1728	1728	1728
D:	152949.65	1768	1728	1728	1728
D:	153045.65	1779	1728	1728	1728
D:	153125.69	1771	1728	1728	1728
D:	153221.65	1770	1728	1728	1728
D:	153317.66	1755	1728	1728	1728
D:	153413.68	1772	1728	1728	1728
D:	153509.70	1766	1728	1728	1728
D:	153525.68	1766	1728	1728	1728
D:	153605.65	1770	1728	1728	1728
D:	153621.68	1770	1728	1728	1728
D:	153701.65	1775	1728	1728	1728
D:	153717.72	1775	1728	1728	1728
D:	153797.67	1771	1728	1728	1728
D:	153881.65	1773	1728	1728	1728
D:	153977.65	1771	1728	1728	1728
D:	154073.65	1767	1728	1728	1728
D:	154169.65	1773	1728	1728	1728
D:	154265.66	1766	1728	1728	1728
D:	154361.71	1769	1728	1728	1728
D:	154441.68	1773	1728	1728	1728
D:	154537.69	1774	1728	1728	1728
D:	154633.66	1777	1728	1728	1728
D:	154649.68	1777	1728	1728	1728
D:	154729.65	1766	1728	1728	1728
D:	154745.73	1766	1728	1728	1728
D:	154829.65	1786	1728	1728	1728
D:	154845.71	1786	1728	1728	1728
D:	154925.65	1793	1728	1728	1728
D:	155021.65	1806	1728	1728	1728
D:	155117.66	1810	1728	1728	1728
D:	155213.65	1844	1728	1728	1728
D:	155309.65	1893	1728	1728	1728
D:	155405.65	2010	1728	1728	1728
D:	155517.65	2171	1728	1728	1728
D:	155629.65	2288	1728	1728	1728
D:	155741.65	2504	1728	1728	1728
D:	155857.68	2514	1728	1728	1728
D:	155873.71	2514	1728	1728	1728
D:	155985.68	2487	1728	1728	1728
D:	156097.67	2472	1728	1728	1728
D:	156209.68	2319	1728	1728	1728
D:	156337.65	2421	1728	1728	1728
D:	156449.65	2348	1728	1728	1728
D:	156561.65	2420	1728	1728	1728
D:	156673.65	2370	1728	1728	1728
D:	156805.68	2481	1728	1728	1728
D:	156917.68	2420	1728	1728	1728
D:	157029.68	2409	1728	1728	1728
D:	157141.66	2351	1728	1728	1728
D:	157253.65	2432	1728	1728	1728
D:	157381.66	2374	1728	1728	1728
D:	157493.65	2449	1728	1728	1728
D:	157605.65	2392	1728	1728	1728
D:	157621.68	2392	1728	1728	1728
D:	157733.66	2487	1728	1728	1728
D:	157849.69	2389	1728	1728	1728
D:	157961.65	2370	1728	1728	1728
D:	158073.65	2490	1728	1728	1728
D:	158185.65	2268	1728	1728	1728
D:	158297.65	2334	1728	1728	1728
D:	158425.65	2392	1728	1728	1728
D:	158441.70	2392	1728	1728	1728
D:	158537.70	2403	1728	1728	1728
D:	158649.68	2430	1728	1728	1728
D:	158761.65	2374	1728	1728	1728
D:	158893.65	2485	1728	1728	1728
D:	159005.68	2415	1728	1728	1728
D:	159117.65	2401	1728	1728	1728
D:	159229.65	2447	1728	1728	1728
D:	159357.68	2390	1728	1728	1728
D:	159469.68	2503	1728	1728	1728
D:	159581.68	2456	1728	1728	1728
D:	159709.65	2446	1728	1728	1728
D:	159825.65	2478	1728	1728	1728
D:	159937.65	2429	1728	1728	1728
D:	160065.65	2484	1728	1728	1728
D:	160081.68	2484	1728	1728	1728
D:	160177.67	2493	1728	1728	1728
D:	160289.68	2353	1728	1728	1728
D:	160417.66	2437	1728	1728	1728
D:	160529.66	2363	1728	1728	1728
D:	160641.65	2465	1728	1728	1728
D:	160753.65	2480	1728	1728	1728
D:	160885.65	2423	1728	1728	1728
D:	160901.69	2423	1728	1728	1728
D:	160997.70	2543	1728	1728	1728
D:	161013.65	2543	1728	1728	1728
D:	161125.77	2559	1728	1728	1728
D:	161237.67	2547	1728	1728	1728
D:	161349.66	2487	1728	1728	1728
D:	161477.65	2539	1728	1728	1728
D:	161589.65	2499	1728	1728	1728
D:	161717.69	2380	1728	1728	1728
D:	161833.68	2480	1728	1728	1728
D:	161945.77	2503	1728	1728	1728
D:	162057.67	2386	1728	1728	1728
D:	162185.63	2440	1728	1728	1728
D:	162297.66	2525	1728	1728	1728
D:	162409.65	2414	1728	1728	1728
D:	162537.70	2452	1728	1728	1728
D:	162649.68	2445	1728	1728	1728
D:	162777.66	2473	1728	1728	1728
D:	162893.65	2497	1728	1728	1728
D:	163005.65	2417	1728	1728	1728
D:	163117.64	2432	1728	1728	1728
D:	163213.65	1732	1728	1728	1728
D:	163309.64	1731	1728	1728	1728
D:	163405.65	1729	1728	1728	1728
D:	163501.65	1731	1728	1728	1728
D:	163597.66	1730	1728	1728	1728
D:	163677.67	1731	1728	1728	1728
D:	163773.67	1732	1728	1728	1728
D:	163873.69	1729	1728	1728	1728
D:	163953.65	1732	1728	1728	1728
D:	164145.65	1729	1728	1728	1728
D:	164241.64	1733	1728	1728	1728
D:	164337.64	1731	1728	1728	1728
D:	164417.67	1728	1728	1728	1728
D:	164513.69	1732	1729	1729	1728
D:	164609.66	1730	1729	1729	1728
D:	164805.67	1733	1729	1729	1728
D:	164885.65	1729	1729	1729	1728
D:	164901.68	1729	1729	1729	1728
D:	164981.65	1731	1729	1729	1728
D:	165077.66	1732	1729	1729	1728
D:	165173.65	1728	1729	1729	1728
D:	165253.64	1731	1729	1729	1728
D:	165445.66	1729	1729	1729	1728
D:	165541.68	1731	1730	1730	1728
D:	165637.73	1733	1730	1730	1728
D:	165717.69	1730	1730	1730	1728
D:	165817.71	1733	1730	1730	1728
D:	165913.66	1729	1730	1730	1728
D:	165929.70	1729	1730	1730	1728
D:	165993.66	1728	1730	1730	1728
D:	166089.65	1732	1730	1730	1728
D:	166185.65	1728	1730	1730	1728
D:	166281.65	1733	1730	1730	1728
D:	166377.65	1738	1730	1730	1728
D:	166473.66	1739	1730	1730	1728
D:	166553.68	1744	1730	1730	1728
D:	166649.68	1745	1730	1730	1728
D:	166745.69	1744	1730	1730	1728
D:	166845.70	1745	1730	1730	1728
D:	166925.66	1746	1730	1730	1728
D:	167117.63	1745	1730	1730	1728
D:	167213.64	1746	1746	1746	1728
D:	167309.65	1744	1745	1745	1728
D:	167405.65	1747	1745	1745	1728
D:	167485.73	1744	1745	1745	1728
D:	167581.67	1743	1745	1745	1728
D:	167677.67	1745	1745	1745	1728
D:	167953.66	1746	1745	1745	1728
D:	168145.65	1743	1745	1745	0
D:	168241.65	1747	1745	1745	1745
D:	168321.66	1745	1745	1745	3490
D:	168417.66	1745	1745	1745	5235
D:	168513.70	1747	1745	1745	6980
D:	168609.68	1744	1745	1745	8725
D:	168705.68	1955	1745	1745	10470
D:	168805.68	1904	1745	1745	12215
D:	168901.68	1825	1745	1745	1745
D:	168997.73	1831	1745	1745	1745
D:	169093.66	1818	1745	1745	1745
D:	169109.70	1818	1745	1745	1745
D:	169189.65	1790	1745	1745	1745
D:	169205.70	1790	1745	1745	1745
D:	169285.65	1818	1745	1745	1745
D:	169381.65	1788	1745	1745	1745
D:	169477.65	1810	1745	1745	1745
D:	169573.64	1792	1745	1745	1745
D:	169653.66	2045	1745	1745	1745
D:	169669.66	1789	1745	1745	1745
D:	169749.66	1788	1745	1745	1745
D:	169849.68	1785	1745	1745	1745
D:	169945.74	1790	1745	1745	1745
D:	170137.67	1772	1745	1745	1745
D:	170233.67	1746	1745	1745	1745
D:	170313.66	1747	1745	1745	1745
D:	170409.66	1746	1745	1745	1745
D:	170697.65	1748	1745	1745	1745
D:	170877.67	1746	1746	1746	1745
D:	171069.68	1745	1746	1746	1745
D:	171165.65	1747	1746	1746	1745
D:	171341.66	1746	1746	1746	1745
D:	171357.70	1746	1746	1746	1745
D:	171437.65	1747	1746	1746	1745
D:	171533.65	1748	1746	1746	1745
D:	171629.65	1745	1746	1746	1745
D:	171725.65	1747	1746	1746	1745
D:	171905.64	1745	1746	1746	1745
D:	172001.69	1746	1746	1746	1745
D:	172097.66	1747	1746	1746	1745
D:	172193.68	1746	1746	1746	1745
D:	172273.65	1747	1746	1746	1745
D:	172289.69	1747	1746	1746	1745
D:	172465.66	1745	1746	1746	1745
D:	172561.65	1746	1746	1746	1745
D:	172657.65	1748	1746	1746	1745
D:	172753.64	1740	1746	1746	1745
D:	172837.66	1746	1746	1746	1745
D:	172933.66	1747	1746	1746	1745
D:	173029.68	1744	1745	1745	1745
D:	173125.73	1747	1745	1745	1745
D:	173205.68	1748	1745	1745	1745
D:	173301.69	1745	1745	1745	1745
D:	173317.68	1745	1745	1745	1745
D:	173397.65	1747	1745	1745	1745
D:	173413.68	1747	1745	1745	1745
D:	173493.66	1746	1745	1745	1745
D:	173589.66	1745	1745	1745	1745
D:	173685.66	1746	1745	1745	1745
D:	173865.65	1744	1745	1745	1745
D:	173961.66	1748	1745	1745	1745
D:	174057.68	1746	1746	1746	1745
D:	174137.68	1745	1746	1746	1745
D:	174233.67	1748	1746	1746	1745
D:	174329.70	1747	1746	1746	1745
D:	174345.68	1747	1746	1746	1745
D:	174521.66	1746	1746	1746	1745
D:	174537.69	1746	1746	1746	1745
D:	174617.67	1747	1746	1746	1745
D:	174697.65	1745	1746	1746	1745
D:	174793.66	1747	1746	1746	1745
D:	174893.66	1746	1746	1746	1745
D:	175069.66	1748	1747	1747	1745
D:	175165.66	1747	1747	1747	1745
D:	175261.66	1745	1747	1747	1745
D:	175357.71	1748	1747	1747	1745
D:	175549.65	1746	1747	1747	1745
D:	175565.71	1746	1747	1747	1745
D:	175629.66	1749	1747	1747	1745
D:	175725.65	1746	1747	1747	1745
D:	175921.66	1748	1747	1747	1745
D:	176017.65	1737	1747	1747	1745
D:	176097.67	1747	1747	1747	1745
D:	176193.66	1756	1747	1747	1745
D:	176289.68	1751	1747	1747	1745
D:	176385.71	1748	1747	1747	1745
D:	176481.69	1741	1747	1747	1745
D:	176497.69	1741	1747	1747	1745
D:	176577.64	1739	1747	1747	1745
D:	176593.70	1739	1747	1747	1745
D:	176657.67	1738	1747	1747	1745
D:	176753.66	1743	1747	1747	1745
D:	176853.63	1744	1747	1747	1746
D:	176949.67	1733	1747	1747	1746
D:	177029.68	1760	1747	1747	1746
D:	177125.76	1747	1747	1747	1746
D:	177221.67	1746	1747	1747	1746
D:	177509.69	1747	1747	1747	1746
D:	177525.72	1747	1747	1747	1746
D:	177589.65	1748	1747	1747	1746
D:	177781.66	1744	1747	1747	1746
D:	177881.65	1748	1747	1747	1746
D:	177961.66	1746	1747	1747	1746
D:	178153.70	1747	1747	1747	1746
D:	178249.66	1746	1747	1747	1746
D:	178345.67	1745	1747	1747	1746
D:	178441.69	1747	1747	1747	1746
D:	178617.65	1746	1747	1747	1746
D:	178893.65	1743	1747	1747	1746
D:	178989.67	1746	1747	1747	1746
D:	179181.69	1746	1746	1746	1746
D:	179277.69	1747	1746	1746	1746
D:	179373.65	1746	1746	1746	1746
D:	179549.65	1748	1746	1746	1746
D:	179565.71	1748	1746	1746	1746
D:	179645.65	1746	1746	1746	1746
D:	179841.65	1743	1746	1746	1746
D:	179921.65	1745	1746	1746	1746
D:	180209.68	1743	1745	1745	1746
D:	180385.68	1745	1745	1745	1746
D:	180481.70	1743	1745	1745	1746
D:	180497.69	1743	1745	1745	1746
D:	180577.65	1742	1745	1745	1746
D:	180593.68	1742	1745	1745	1746
D:	180673.66	1744	1745	1745	1746
D:	180689.70	1744	1745	1745	1746
D:	180769.65	1743	1745	1745	1746
D:	180949.64	1746	1745	1745	1746
D:	181045.65	1743	1745	1745	1745
D:	181141.66	1744	1745	1745	1745
D:	181237.67	1745	1745	1745	1745
D:	181317.69	1743	1745	1745	1745
D:	181509.69	1744	1745	1745	1745
D:	181605.66	1742	1745	1745	1745
D:	181621.68	1742	1745	1745	1745
D:	181701.65	1743	1745	1745	1745
D:	181717.69	1743	1745	1745	1745
D:	181797.67	1744	1745	1745	1745
D:	181881.65	1742	1745	1745	1745
D:	181977.65	1744	1745	1745	1745
D:	182073.65	1745	1745	1745	1745
D:	182169.66	1742	1745	1745	1745
D:	182249.68	1744	1744	1744	1745
D:	182345.68	1746	1744	1744	1745
D:	182441.67	1741	1744	1744	1745
D:	182537.70	1743	1744	1744	1745
D:	182633.69	1849	1744	1744	1745
D:	182649.70	1849	1744	1744	1745
D:	182745.68	2151	1744	1744	1745
D:	182845.70	2261	1744	1744	1745
D:	182957.67	2185	1744	1744	1745
D:	183069.67	2144	1744	1744	1745
D:	183165.66	2195	1744	1744	1745
D:	183277.83	2122	1744	1744	1745
D:	183389.67	2117	1744	1744	1745
D:	183485.70	2223	1744	1744	1745
D:	183597.66	2211	1744	1744	1745
D:	183709.73	2216	1744	1744	1745
D:	183809.68	2170	1744	1744	1745
D:	183921.68	2206	1744	1744	1745
D:	184033.65	2186	1744	1744	1745
D:	184145.65	2155	1744	1744	1745
D:	184225.71	1745	1744	1744	1745
D:	184321.68	1744	1744	1744	1745
D:	184417.68	1742	1743	1743	1745
D:	184513.69	1744	1743	1743	1745
D:	184609.70	1744	1743	1743	1744
D:	184705.70	1742	1743	1743	1744
D:	184721.68	1742	1743	1743	1744
D:	184785.64	1745	1743	1743	1744
D:	184885.65	1744	1743	1743	1744
D:	184981.65	1742	1743	1743	1744
D:	185077.64	1744	1743	1743	1744
D:	185157.66	1745	1743	1743	1744
D:	185253.66	1743	1743	1743	1744
D:	185349.74	1745	1743	1743	1744
D:	185445.67	1743	1743	1743	1744
D:	185541.66	1744	1743	1743	1744
D:	185717.65	1742	1743	1743	1744
D:	185818.38	1743	1743	1743	1744
D:	185913.66	1744	1743	1743	1744
D:	186009.66	1743	1743	1743	1744
D:	186089.66	1740	1743	1743	1744
D:	186185.66	1741	1743	1743	1744
D:	186281.67	1734	1743	1743	1744
D:	186377.71	1732	1743	1743	1744
D:	186473.66	1732	1742	1732	1744
D:	186553.70	1724	1742	1724	1744
D:	186569.69	1724	1742	1724	1743
D:	186649.66	1723	1742	1723	1743
D:	186665.69	1723	1742	1723	1743
D:	186745.66	1720	1742	1720	1743
D:	186761.72	1720	1742	1720	1743
D:	186845.66	1718	1742	1718	1742
D:	186925.65	1720	1742	1720	1742
D:	187021.65	1719	1742	1719	1741
D:	187213.66	1722	1742	1722	1740
D:	187293.68	1717	1742	1717	1740
D:	187389.66	1719	1742	1719	1740
D:	187485.68	1720	1741	1720	1740
D:	187581.69	1718	1741	1718	1738
D:	187677.66	1720	1741	1720	1738
D:	187693.69	1720	1741	1720	1738
D:	187757.66	1719	1741	1719	1737
D:	187857.66	1720	1741	1720	1737
D:	187953.66	1721	1741	1721	1737
D:	188033.65	1716	1741	1716	1736
D:	188129.67	1721	1741	1721	1736
D:	188321.68	1719	1741	1719	1736
D:	188401.69	1720	1741	1720	1736
D:	188417.69	1720	1741	1720	1735
D:	188497.66	1720	1740	1720	1735
D:	188513.69	1720	1740	1720	1735
D:	188593.66	1721	1740	1721	1734
D:	188609.73	1721	1740	1721	1734
D:	188689.66	1722	1740	1722	1734
D:	188785.66	1718	1740	1718	1734
D:	188869.66	1720	1740	1720	1734
D:	188965.66	1719	1740	1719	1733
D:	189061.66	1717	1740	1717	1733
D:	189141.66	1721	1740	1721	1733
D:	189237.66	1718	1740	1718	1733
D:	189333.67	1719	1740	1719	1733
D:	189429.69	1721	1740	1721	1732
D:	189525.67	1717	1739	1717	1732
D:	189541.70	1717	1739	1717	1732
D:	189605.66	1722	1739	1722	1732
D:	189733.72	2542	1739	1739	1732
D:	189749.70	2542	1739	1739	1732
D:	189849.68	2454	1739	1739	1732
D:	189961.66	2449	1739	1739	1732
D:	190089.66	2487	1739	1739	1732
D:	190201.66	2500	1739	1739	1732
D:	190313.65	2489	1739	1739	1732
D:	190441.66	2423	1739	1739	1733
D:	190457.70	2423	1739	1739	1733
D:	190553.67	2396	1739	1739	1733
D:	190569.70	2396	1739	1739	1733
D:	190665.67	2516	1739	1739	1733
D:	190777.66	2438	1739	1739	1733
D:	190893.70	2411	1739	1739	1733
D:	191021.65	2370	1739	1739	1733
D:	191133.65	2428	1739	1739	1733
D:	191229.65	1722	1739	1739	1733
D:	191325.64	1718	1739	1739	1733
D:	191405.69	1720	1738	1720	1733
D:	191501.66	1718	1738	1718	1733
D:	191597.66	1719	1738	1719	1732
D:	191693.67	1721	1738	1721	1732
D:	191773.64	1718	1738	1718	1732
D:	191789.72	1718	1738	1718	1732
D:	191873.65	1721	1738	1721	1732
D:	191889.72	1721	1738	1721	1732
D:	191969.66	1720	1738	1720	1731
D:	192065.65	1719	1738	1719	1731
D:	192145.66	1721	1738	1721	1731
D:	192241.67	1727	1738	1727	1731
D:	192337.66	1735	1738	1735	1731
D:	192433.66	1742	1738	1738	1731
D:	192529.73	1740	1739	1739	1731
D:	192609.68	1744	1739	1739	1732
D:	192705.68	1746	1739	1739	1732
D:	192721.68	1746	1739	1739	1732
D:	192805.66	1745	1739	1739	1732
D:	192821.68	1745	1739	1739	1732
D:	192901.65	1746	1739	1739	1732
D:	192917.70	1746	1739	1739	1732
D:	192981.66	1746	1739	1739	1733
D:	193269.66	1748	1739	1739	1733
D:	193365.66	1745	1739	1739	1734
D:	193461.68	1747	1739	1739	1734
D:	193541.67	1748	1740	1740	1734
D:	193637.69	1746	1740	1740	1734
D:	193733.69	1748	1740	1740	1734
D:	193749.70	1748	1740	1740	1734
D:	193833.67	1747	1740	1740	1734
D:	193849.68	1747	1740	1740	1734
D:	193913.64	1745	1740	1740	1734
D:	194009.66	1747	1740	1740	1735
D:	194201.65	1746	1740	1740	1735
D:	194297.65	1748	1740	1740	1735
D:	194393.66	1748	1740	1740	1736
D:	194473.66	1747	1740	1740	1736
D:	194569.68	1748	1741	1741	1736
D:	194761.69	1745	1741	1741	1736
D:	194861.69	1748	1741	1741	1736
D:	194877.70	1748	1741	1741	1736
D:	194941.65	1747	1741	1741	1736
D:	195037.66	1746	1741	1741	1736
D:	195133.66	1747	1741	1741	1736
D:	195229.65	1746	1741	1741	1736
D:	195325.65	1745	1741	1741	1736
D:	195421.66	1743	1741	1741	1736
D:	195501.67	1748	1741	1741	1736
D:	195597.67	1746	1742	1742	1737
D:	195693.69	1748	1742	1742	1737
D:	195789.70	1746	1742	1742	1737
D:	195969.66	1747	1742	1742	1737
D:	196065.65	1749	1742	1742	1737
D:	196161.64	1746	1742	1742	1737
D:	196257.65	1748	1742	1742	1737
D:	196353.65	1747	1742	1742	1737
D:	196433.69	1746	1742	1742	1737
D:	196529.73	1748	1742	1742	1738
D:	196625.68	1755	1742	1742	1738
D:	196721.69	1779	1742	1742	1738
D:	196917.70	1783	1742	1742	1738
D:	196997.65	1769	1742	1742	1738
D:	197093.65	1798	1742	1742	1738
D:	197189.65	1816	1742	1742	1738
D:	197285.65	1884	1742	1742	1738
D:	197397.65	1988	1742	1742	1739
D:	197509.66	2233	1742	1742	1739
D:	197621.66	2417	1742	1742	1739
D:	197637.69	2417	1742	1742	1739
D:	197733.69	2495	1742	1742	1739
D:	197749.70	2495	1742	1742	1739
D:	197849.70	2523	1742	1742	1739
D:	197977.65	2659	1742	1742	1739
D:	198089.64	2471	1742	1742	1739
D:	198201.66	1848	1742	1742	1739
D:	198281.68	1707	1742	1742	1739
D:	198377.73	1703	1742	1742	1739
D:	198473.66	1706	1741	1706	1739
D:	198569.68	1706	1741	1706	1738
D:	198649.65	1703	1741	1703	1738
D:	198665.68	1703	1741	1703	1738
D:	198745.66	1709	1741	1709	1737
D:	198761.70	1709	1741	1709	1737
D:	198845.64	1704	1741	1704	1737
D:	198925.65	1707	1741	1707	1736
D:	199021.65	1704	1741	1704	1736
D:	199117.65	1703	1741	1703	1736
D:	199213.66	1706	1741	1706	1735
D:	199293.67	1702	1741	1702	1735
D:	199389.67	1705	1741	1705	1732
D:	199485.69	1705	1740	1705	1732
D:	199581.71	1703	1740	1703	1730
D:	199661.66	1706	1740	1706	1730
D:	199757.66	1702	1740	1702	1728
D:	199857.65	1706	1740	1706	1728
D:	199937.65	1705	1740	1705	1726
D:	200033.66	1704	1740	1704	1726
D:	200129.68	1708	1740	1708	1725
D:	200225.71	1704	1740	1704	1725
D:	200305.70	1706	1740	1706	1725
D:	200401.71	1704	1740	1704	1724
D:	200417.68	1704	1740	1704	1724
D:	200497.66	1701	1739	1701	1724
D:	200513.69	1701	1739	1701	1724
D:	200593.66	1706	1739	1706	1724
D:	200609.68	1706	1739	1706	1724
D:	200673.66	1702	1739	1702	1724
D:	200769.65	1705	1739	1705	1723
D:	200869.65	1704	1739	1704	1723
D:	200949.67	1702	1739	1702	1722
D:	201045.70	1705	1739	1705	1722
D:	201141.69	1702	1739	1702	1721
D:	201237.68	1706	1739	1706	1721
D:	201317.66	1707	1739	1707	1721
D:	201333.68	1707	1739	1707	1721
D:	201509.66	1720	1738	1720	1721
D:	201605.67	1727	1738	1727	1721
D:	201701.66	1734	1738	1734	1721
D:	201781.66	1736	1738	1736	1721
D:	201881.66	1734	1738	1734	1721
D:	201977.66	1735	1738	1735	1721
D:	202057.66	1736	1738	1736	1721
D:	202153.69	1734	1738	1734	1722
D:	202249.70	1736	1738	1736	1722
D:	202441.66	1732	1738	1732	1722
D:	202457.70	1732	1738	1732	1722
D:	202521.65	1732	1738	1735	1722
D:	202537.67	1735	1737	1735	1723
D:	202617.65	1736	1737	1736	1723
D:	202713.68	1735	1737	1735	1723
D:	202813.65	1737	1737	1737	1723
D:	202989.77	1737	1737	1737	1724
D:	203085.69	1738	1737	1737	1724
D:	203181.68	1735	1737	1737	1724
D:	203277.68	1737	1737	1737	1724
D:	203373.71	1739	1737	1737	1725
D:	203389.71	1739	1737	1737	1725
D:	203453.66	1737	1737	1737	1725
D:	203549.66	1739	1738	1738	1726
D:	203661.66	2109	1738	1738	1726
D:	203773.65	2336	1738	1738	1727
D:	203789.70	2336	1738	1738	1727
D:	203889.69	2401	1738	1738	1727
D:	204001.69	2375	1738	1738	1728
D:	204113.68	2317	1738	1738	1728
D:	204225.70	2414	1738	1738	1728
D:	204337.66	2324	1738	1738	1729
D:	204449.66	2377	1738	1738	1729
D:	204561.65	2384	1738	1738	1730
D:	204673.66	2336	1738	1738	1730
D:	204805.67	2410	1738	1738	1730
D:	204821.69	2410	1738	1738	1730
D:	204917.70	2364	1738	1738	1731
D:	205029.69	2431	1738	1738	1731
D:	205141.66	2356	1738	1738	1731
D:	205237.68	1737	1738	1738	1731
D:	205333.69	1737	1737	1737	1732
D:	205605.65	1739	1737	1737	1732
D:	205701.66	1736	1737	1737	1732
D:	205797.66	1738	1737	1737	1732
D:	205881.66	1737	1737	1737	1732
D:	205977.66	1735	1737	1737	1733
D:	206073.69	1738	1737	1737	1733
D:	206169.75	1737	1737	1737	1733
D:	206249.68	1736	1737	1737	1733
D:	206345.70	1738	1738	1738	1733
D:	206361.69	1738	1738	1738	1733
D:	206537.66	1737	1738	1738	1734
D:	206633.66	1738	1738	1738	1734
D:	206713.65	1736	1738	1738	1734
D:	206909.66	1738	1738	1738	1734
D:	207005.64	1735	1738	1738	1734
D:	207085.68	1738	1738	1738	1734
D:	207181.66	1737	1738	1738	1734
D:	207277.69	1735	1738	1738	1734
D:	207373.69	1737	1737	1737	1734
D:	207389.68	1737	1737	1737	1734
D:	207469.67	1738	1737	1737	1734
D:	207485.70	1738	1737	1737	1734
D:	207565.66	1733	1737	1737	1734
D:	207581.70	1733	1737	1737	1734
D:	207645.64	1738	1737	1737	1734
D:	207741.66	1737	1737	1737	1734
D:	207841.65	1736	1737	1737	1734
D:	207937.66	1742	1737	1737	1734
D:	208017.69	1737	1737	1737	1734
D:	208113.67	1735	1737	1737	1735
D:	208209.67	1737	1737	1737	1735
D:	208305.67	1736	1737	1737	1735
D:	208401.68	1736	1736	1736	1735
D:	208481.66	1739	1736	1736	1735
D:	208577.66	1736	1736	1736	1735
D:	208769.65	1738	1736	1736	1735
D:	208853.67	1736	1736	1736	1735
D:	208949.67	1737	1736	1736	1735
D:	209317.67	1738	1736	1736	1735
D:	209333.69	1738	1736	1736	1735
D:	209413.66	1735	1735	1735	1735
D:	209429.70	1735	1735	1735	1735
D:	209509.66	1738	1735	1735	1735
D:	209605.66	1737	1735	1735	1735
D:	209701.66	1735	1735	1735	1735
D:	209797.67	1738	1735	1735	1735
D:	209977.65	1735	1735	1735	1735
D:	210073.69	1738	1735	1735	1735
D:	210153.67	1736	1735	1735	1735
D:	210345.68	1739	1735	1735	1735
D:	210361.70	1739	1735	1735	1735
D:	210441.66	1736	1736	1736	1735
D:	210457.71	1736	1736	1736	1735
D:	210537.66	1737	1736	1736	1735
D:	210633.66	1864	1736	1736	1735
D:	210745.66	2313	1736	1736	1735
D:	210761.71	2313	1736	1736	1735
D:	210861.69	2331	1736	1736	1735
D:	210877.70	2331	1736	1736	1735
D:	210973.67	2395	1736	1736	1735
D:	211085.66	2342	1736	1736	1735
D:	211197.70	2390	1736	1736	1735
D:	211309.66	2357	1736	1736	1735
D:	211421.66	2389	1736	1736	1735
D:	211533.65	2391	1736	1736	1735
D:	211661.66	2415	1736	1736	1735
D:	211773.66	2361	1736	1736	1735
D:	211789.70	2361	1736	1736	1735
D:	211889.68	2343	1736	1736	1735
D:	212001.67	2361	1736	1736	1735
D:	212113.66	2364	1736	1736	1735
D:	212209.69	1765	1736	1736	1735
D:	212305.68	1734	1736	1736	1735
D:	212385.65	1737	1737	1737	1735
D:	212401.72	1737	1737	1737	1735
D:	212481.66	1738	1737	1737	1735
D:	212577.66	1735	1737	1737	1735
D:	212673.67	1738	1737	1737	1735
D:	212769.66	1737	1737	1737	1735
D:	212949.67	1740	1737	1737	1735
D:	213045.71	1737	1737	1737	1735
D:	213141.66	1736	1737	1737	1735
D:	213221.69	1739	1737	1737	1735
D:	213317.66	1736	1737	1737	1735
D:	213333.70	1736	1737	1737	1735
D:	213413.66	1736	1736	1736	1735
D:	213429.71	1736	1736	1736	1735
D:	213509.64	1738	1736	1736	1735
D:	213605.66	1735	1736	1736	1735
D:	213685.66	1736	1736	1736	1735
D:	213781.66	1738	1736	1736	1735
D:	213881.67	1735	1736	1736	1735
D:	213977.67	1737	1736	1736	1735
D:	214057.67	1740	1736	1736	1735
D:	214153.67	1736	1736	1736	1735
D:	214249.69	1739	1736	1736	1735
D:	214345.70	1741	1736	1736	1735
D:	214361.69	1741	1736	1736	1735
D:	214441.66	1741	1737	1737	1735
D:	214457.69	1741	1737	1737	1735
D:	214537.66	1743	1737	1737	1736
D:	214553.69	1743	1737	1737	1736
D:	214617.66	1745	1737	1737	1736
D:	214713.67	1746	1737	1737	1736
D:	214813.66	1747	1737	1737	1736
D:	214989.73	1746	1737	1737	1736
D:	215085.67	1748	1737	1737	1736
D:	215181.68	1747	1737	1737	1736
D:	215277.69	1746	1746	1746	1736
D:	215373.69	1748	1746	1746	1736
D:	215389.69	1748	1746	1746	1736
D:	215469.65	1745	1745	1745	1736
D:	215485.70	1745	1745	1745	1736
D:	215549.66	1746	1745	1745	1736
D:	215645.66	1748	1745	1745	1736
D:	215741.65	1746	1745	1745	1737
D:	215841.65	1745	1745	1745	1737
D:	215921.68	1748	1745	1745	1737
D:	215937.67	1748	1745	1745	1738
D:	216017.72	1747	1745	1745	1738
D:	216209.67	1749	1745	1745	1738
D:	216305.68	1746	1745	1745	1739
D:	216401.70	1748	1745	1745	1739
D:	216481.66	1748	1746	1746	1739
D:	216577.66	1746	1746	1746	1739
D:	216673.66	1747	1746	1746	1740
D:	216949.67	1746	1746	1746	1740
D:	217045.70	1749	1746	1746	1740
D:	217141.66	1748	1746	1746	1741
D:	217237.69	1747	1746	1746	1741
D:	217333.69	1748	1746	1746	1741
D:	217509.66	1747	1747	1747	1741
D:	217605.66	1749	1747	1747	1741
D:	217701.66	1784	1747	1747	1742
D:	217797.67	1777	1747	1747	1742
D:	217897.66	1764	1747	1747	1742
D:	217993.66	1782	1747	1747	1742
D:	218073.67	1756	1747	1747	1742
D:	218169.78	1761	1747	1747	1742
D:	218265.66	1757	1747	1747	1743
D:	218361.67	1769	1747	1747	1743
D:	218457.67	1768	1747	1747	1743
D:	218553.69	1770	1747	1747	1743
D:	218729.66	1745	1747	1747	1743
D:	218829.66	1747	1747	1747	1743
D:	218925.65	1746	1747	1747	1744
D:	219101.67	1748	1747	1747	1744
D:	219293.69	1746	1747	1747	1744
D:	219389.68	1748	1747	1747	1744
D:	219581.70	1746	1747	1747	1744
D:	219661.67	1749	1747	1747	1744
D:	219757.65	1747	1747	1747	1744
D:	219857.66	1746	1746	1746	1744
D:	219953.66	1749	1746	1746	1744
D:	220049.65	1748	1746	1746	1744
D:	220129.66	1746	1746	1746	1745
D:	220321.77	1748	1746	1746	1745
D:	220417.67	1746	1746	1746	1745
D:	220513.70	1749	1746	1746	1745
D:	220609.69	1748	1746	1746	1745
D:	220689.66	1746	1746	1746	1745
D:	220785.66	1748	1746	1746	1745
D:	220885.66	1748	1747	1747	1745
D:	220981.66	1746	1747	1747	1745
D:	221061.66	1747	1747	1747	1745
D:	221157.67	1748	1747	1747	1745
D:	221253.68	1746	1747	1747	1745
D:	221445.67	1748	1747	1747	1745
D:	221541.68	1747	1747	1747	1745
D:	221621.66	1749	1747	1747	1745
D:	221637.69	1749	1747	1747	1745
D:	221717.65	1748	1747	1747	1745
D:	221733.73	1748	1747	1747	1745
D:	221817.66	1746	1747	1747	1745
D:	221913.67	1747	1747	1747	1745
D:	222009.66	1748	1747	1747	1745
D:	222089.65	1746	1747	1747	1745
D:	222185.66	1748	1747	1747	1745
D:	222281.67	1746	1747	1747	1745
D:	222555.69	1748	1747	1747	1745
D:	222651.66	1746	1747	1747	1745
D:	222667.69	1746	1747	1747	1745
D:	222747.66	1748	1747	1747	1745
D:	222763.69	1748	1747	1747	1745
D:	222847.65	1748	1747	1747	1746
D:	222863.71	1748	1747	1747	1746
D:	222927.66	1747	1747	1747	1746
D:	223119.65	1748	1747	1747	1746
D:	223215.66	1746	1747	1747	1746
D:	223311.66	1748	1747	1747	1746
D:	223407.68	1746	1747	1747	1746
D:	223487.68	1747	1747	1747	1746
D:	223583.72	1748	1747	1747	1746
D:	223679.66	1746	1747	1747	1746
D:	223695.69	1746	1747	1747	1746
D:	223775.66	1748	1747	1747	1746
D:	223791.89	1748	1747	1747	1746
D:	223859.66	1745	1747	1747	1746
D:	223955.66	1746	1746	1746	1746
D:	224051.66	1745	1746	1746	1746
D:	224147.66	1748	1746	1746	1746
D:	224339.66	1746	1746	1746	1746
D:	224419.67	1748	1746	1746	1746
D:	224515.67	1747	1746	1746	1746
D:	224707.73	1749	1746	1746	1746
D:	224723.69	1749	1746	1746	1746
D:	224807.70	1746	1746	1746	1746
D:	224823.69	1746	1746	1746	1746
D:	224887.66	1747	1746	1746	1746
D:	224983.66	1749	1747	1747	1746
D:	225079.66	1746	1747	1747	1746
D:	225271.66	1748	1747	1747	1746
D:	225447.67	1747	1747	1747	1746
D:	225543.67	1748	1747	1747	1746
D:	225639.67	1747	1747	1747	1746
D:	226011.64	1746	1746	1746	1746
D:	226107.66	1747	1746	1746	1746
D:	226203.66	1746	1746	1746	1746
D:	226299.67	1744	1746	1746	1746
D:	226379.70	1748	1746	1746	1746
D:	226667.67	1749	1746	1746	1746
D:	226763.68	1747	1746	1746	1746
D:	226847.66	1748	1746	1746	1746
D:	226863.72	1748	1746	1746	1746